0.8320E+03   0.2204E-15   -.1113E+00
0.1199E+04   0.4500E+00   0.7251E-01
0.1198E+04   0.9000E+00   0.1450E+00
0.1197E+04   0.1350E+01   0.2174E+00
0.1196E+04   0.1800E+01   0.2896E+00
0.1195E+04   0.2250E+01   0.3617E+00
0.1194E+04   0.2700E+01   0.4337E+00
0.1193E+04   0.3150E+01   0.5054E+00
0.1200E+04   0.3600E+01   0.5768E+00
0.2351E+04   0.3800E+01   0.6085E+00
0.2352E+04   0.4000E+01   0.6401E+00
0.1774E+05   0.4222E+01   0.6127E+00
0.1775E+05   0.4513E+01   0.5807E+00
0.1775E+05   0.4893E+01   0.5443E+00
0.1775E+05   0.5390E+01   0.5041E+00
0.1775E+05   0.6039E+01   0.4614E+00
0.1775E+05   0.6889E+01   0.4176E+00
0.1493E+05   0.8000E+01   0.3746E+00
0.1493E+05   0.1010E+02   0.3191E+00
0.1493E+05   0.1257E+02   0.2778E+00
0.1493E+05   0.1548E+02   0.2452E+00
0.1493E+05   0.1891E+02   0.2178E+00
0.1493E+05   0.2294E+02   0.1939E+00
0.1494E+05   0.2769E+02   0.1728E+00
0.1494E+05   0.3327E+02   0.1542E+00
0.1494E+05   0.3984E+02   0.1384E+00
0.1494E+05   0.4758E+02   0.1253E+00
0.1494E+05   0.5668E+02   0.1149E+00
0.1494E+05   0.6739E+02   0.1068E+00
0.1494E+05   0.8000E+02   0.9904E-01
