0.1269E+06   0.0000E+00   0.2053E-02
0.1270E+06   0.1322E+01   0.2508E-02
0.1270E+06   0.2500E+01   0.3129E-02
0.1270E+06   0.3550E+01   0.4006E-02
0.1270E+06   0.4486E+01   0.5238E-02
0.1270E+06   0.5320E+01   0.6966E-02
0.1270E+06   0.6064E+01   0.9400E-02
0.1270E+06   0.6727E+01   0.1289E-01
0.1270E+06   0.7318E+01   0.1790E-01
0.1270E+06   0.7845E+01   0.2530E-01
0.1270E+06   0.8315E+01   0.3584E-01
0.1270E+06   0.8733E+01   0.5122E-01
0.1269E+06   0.9107E+01   0.7019E-01
0.1269E+06   0.9439E+01   0.9618E-01
0.1269E+06   0.9736E+01   0.1122E+00
0.1169E+06   0.1000E+02   0.1550E+00
0.1169E+06   0.1033E+02   0.4062E+00
0.1169E+06   0.1067E+02   0.4713E+00
0.1169E+06   0.1100E+02   0.5198E+00
0.1169E+06   0.1133E+02   0.5460E+00
0.1169E+06   0.1167E+02   0.5660E+00
0.1170E+06   0.1200E+02   0.5796E+00
0.1170E+06   0.1233E+02   0.5901E+00
0.1170E+06   0.1267E+02   0.5981E+00
0.1170E+06   0.1300E+02   0.6044E+00
0.1170E+06   0.1333E+02   0.6094E+00
0.1170E+06   0.1367E+02   0.6135E+00
0.1170E+06   0.1400E+02   0.6169E+00
0.1170E+06   0.1433E+02   0.6197E+00
0.1170E+06   0.1467E+02   0.6220E+00
0.1170E+06   0.1500E+02   0.6240E+00
0.1170E+06   0.1533E+02   0.6257E+00
0.1170E+06   0.1567E+02   0.6271E+00
0.1170E+06   0.1600E+02   0.6283E+00
0.1170E+06   0.1633E+02   0.6294E+00
0.1170E+06   0.1667E+02   0.6304E+00
0.1170E+06   0.1700E+02   0.6312E+00
0.1170E+06   0.1733E+02   0.6319E+00
0.1170E+06   0.1767E+02   0.6326E+00
0.1170E+06   0.1800E+02   0.6332E+00
0.1170E+06   0.1833E+02   0.6337E+00
0.1170E+06   0.1867E+02   0.6341E+00
0.1170E+06   0.1900E+02   0.6346E+00
0.1170E+06   0.1933E+02   0.6350E+00
0.1170E+06   0.1967E+02   0.6353E+00
0.1170E+06   0.2000E+02   0.6356E+00
0.1170E+06   0.2033E+02   0.6359E+00
0.1170E+06   0.2067E+02   0.6362E+00
0.1170E+06   0.2100E+02   0.6365E+00
0.1170E+06   0.2133E+02   0.6367E+00
0.1170E+06   0.2167E+02   0.6369E+00
0.1170E+06   0.2200E+02   0.6371E+00
0.1170E+06   0.2233E+02   0.6373E+00
0.1170E+06   0.2267E+02   0.6375E+00
0.1170E+06   0.2300E+02   0.6377E+00
0.1170E+06   0.2333E+02   0.6378E+00
0.1170E+06   0.2367E+02   0.6380E+00
0.1170E+06   0.2400E+02   0.6381E+00
0.1170E+06   0.2433E+02   0.6383E+00
0.1170E+06   0.2467E+02   0.6384E+00
0.1170E+06   0.2500E+02   0.6386E+00
0.8877E+05   0.2533E+02   0.6392E+00
0.8889E+05   0.2544E+02   0.6390E+00
0.8889E+05   0.2556E+02   0.6394E+00
0.8888E+05   0.2567E+02   0.6396E+00
0.8907E+05   0.2578E+02   0.6397E+00
0.8907E+05   0.2589E+02   0.6398E+00
0.8906E+05   0.2600E+02   0.6399E+00
0.8923E+05   0.2611E+02   0.6399E+00
0.8923E+05   0.2622E+02   0.6399E+00
0.8922E+05   0.2633E+02   0.6400E+00
0.8939E+05   0.2644E+02   0.6400E+00
0.8939E+05   0.2656E+02   0.6400E+00
0.6910E+05   0.2667E+02   0.6400E+00
0.6923E+05   0.2678E+02   0.6401E+00
0.6923E+05   0.2689E+02   0.6401E+00
0.6916E+05   0.2700E+02   0.6402E+00
0.7178E+05   0.2711E+02   0.6402E+00
0.7178E+05   0.2722E+02   0.6402E+00
0.7172E+05   0.2733E+02   0.6402E+00
0.7327E+05   0.2744E+02   0.6402E+00
0.7327E+05   0.2756E+02   0.6401E+00
0.7240E+05   0.2767E+02   0.6401E+00
0.7246E+05   0.2778E+02   0.6399E+00
0.7246E+05   0.2789E+02   0.6396E+00
0.1645E+04   0.2800E+02   0.6398E+00
0.3087E+04   0.2833E+02   0.6394E+00
0.3086E+04   0.2867E+02   0.6394E+00
0.3085E+04   0.2900E+02   0.6394E+00
0.3084E+04   0.2933E+02   0.6395E+00
0.3083E+04   0.2967E+02   0.6395E+00
0.3082E+04   0.3000E+02   0.6395E+00
0.3081E+04   0.3033E+02   0.6395E+00
0.3080E+04   0.3067E+02   0.6396E+00
0.3079E+04   0.3100E+02   0.6396E+00
0.3078E+04   0.3133E+02   0.6396E+00
0.3077E+04   0.3167E+02   0.6397E+00
0.3076E+04   0.3200E+02   0.6397E+00
0.3075E+04   0.3233E+02   0.6397E+00
0.3074E+04   0.3267E+02   0.6397E+00
0.3073E+04   0.3300E+02   0.6398E+00
0.3072E+04   0.3333E+02   0.6398E+00
0.3071E+04   0.3367E+02   0.6398E+00
0.3070E+04   0.3400E+02   0.6398E+00
0.3069E+04   0.3433E+02   0.6398E+00
0.3068E+04   0.3467E+02   0.6399E+00
0.3067E+04   0.3500E+02   0.6399E+00
0.3066E+04   0.3533E+02   0.6399E+00
0.3065E+04   0.3567E+02   0.6399E+00
0.3064E+04   0.3600E+02   0.6399E+00
0.3063E+04   0.3633E+02   0.6399E+00
0.3062E+04   0.3667E+02   0.6400E+00
0.3061E+04   0.3700E+02   0.6400E+00
0.3060E+04   0.3733E+02   0.6400E+00
0.3059E+04   0.3767E+02   0.6400E+00
0.3058E+04   0.3800E+02   0.6400E+00
0.3057E+04   0.3833E+02   0.6400E+00
0.3056E+04   0.3867E+02   0.6400E+00
0.3055E+04   0.3900E+02   0.6400E+00
0.3054E+04   0.3933E+02   0.6400E+00
0.3053E+04   0.3967E+02   0.6400E+00
0.3052E+04   0.4000E+02   0.6400E+00
0.3051E+04   0.4033E+02   0.6400E+00
0.3050E+04   0.4067E+02   0.6400E+00
0.3049E+04   0.4100E+02   0.6400E+00
0.3048E+04   0.4133E+02   0.6400E+00
0.3047E+04   0.4167E+02   0.6401E+00
0.3046E+04   0.4200E+02   0.6401E+00
0.3045E+04   0.4233E+02   0.6401E+00
0.3044E+04   0.4267E+02   0.6401E+00
0.3043E+04   0.4300E+02   0.6401E+00
0.2352E+04   0.4333E+02   0.6401E+00
