0.1269E+06   0.0000E+00   0.3235E-02
0.1270E+06   0.1322E+01   0.3570E-02
0.1270E+06   0.2500E+01   0.4307E-02
0.1270E+06   0.3550E+01   0.5425E-02
0.1270E+06   0.4486E+01   0.6946E-02
0.1270E+06   0.5320E+01   0.8897E-02
0.1270E+06   0.6064E+01   0.1129E-01
0.1270E+06   0.6727E+01   0.1413E-01
0.1270E+06   0.7318E+01   0.1737E-01
0.1270E+06   0.7845E+01   0.2095E-01
0.1270E+06   0.8315E+01   0.2479E-01
0.1270E+06   0.8733E+01   0.2873E-01
0.1269E+06   0.9107E+01   0.3256E-01
0.1269E+06   0.9439E+01   0.3601E-01
0.1269E+06   0.9736E+01   0.3866E-01
0.1169E+06   0.1000E+02   0.4056E-01
0.1169E+06   0.1033E+02   0.4639E-01
0.1169E+06   0.1067E+02   0.5146E-01
0.1169E+06   0.1100E+02   0.5657E-01
0.1169E+06   0.1133E+02   0.6138E-01
0.1169E+06   0.1167E+02   0.6579E-01
0.1170E+06   0.1200E+02   0.6973E-01
0.1170E+06   0.1233E+02   0.7316E-01
0.1170E+06   0.1267E+02   0.7610E-01
0.1170E+06   0.1300E+02   0.7860E-01
0.1170E+06   0.1333E+02   0.8070E-01
0.1170E+06   0.1367E+02   0.8247E-01
0.1170E+06   0.1400E+02   0.8396E-01
0.1170E+06   0.1433E+02   0.8522E-01
0.1170E+06   0.1467E+02   0.8628E-01
0.1170E+06   0.1500E+02   0.8718E-01
0.1170E+06   0.1533E+02   0.8795E-01
0.1170E+06   0.1567E+02   0.8861E-01
0.1170E+06   0.1600E+02   0.8918E-01
0.1170E+06   0.1633E+02   0.8967E-01
0.1170E+06   0.1667E+02   0.9010E-01
0.1170E+06   0.1700E+02   0.9048E-01
0.1170E+06   0.1733E+02   0.9081E-01
0.1170E+06   0.1767E+02   0.9110E-01
0.1170E+06   0.1800E+02   0.9136E-01
0.1170E+06   0.1833E+02   0.9159E-01
0.1170E+06   0.1867E+02   0.9180E-01
0.1170E+06   0.1900E+02   0.9199E-01
0.1170E+06   0.1933E+02   0.9215E-01
0.1170E+06   0.1967E+02   0.9231E-01
0.1170E+06   0.2000E+02   0.9244E-01
0.1170E+06   0.2033E+02   0.9257E-01
0.1170E+06   0.2067E+02   0.9269E-01
0.1170E+06   0.2100E+02   0.9279E-01
0.1170E+06   0.2133E+02   0.9289E-01
0.1170E+06   0.2167E+02   0.9298E-01
0.1170E+06   0.2200E+02   0.9306E-01
0.1170E+06   0.2233E+02   0.9314E-01
0.1170E+06   0.2267E+02   0.9321E-01
0.1170E+06   0.2300E+02   0.9328E-01
0.1170E+06   0.2333E+02   0.9334E-01
0.1170E+06   0.2367E+02   0.9340E-01
0.1170E+06   0.2400E+02   0.9345E-01
0.1170E+06   0.2433E+02   0.9350E-01
0.1170E+06   0.2467E+02   0.9354E-01
0.1170E+06   0.2500E+02   0.9357E-01
0.8877E+05   0.2533E+02   0.9354E-01
0.8889E+05   0.2544E+02   0.9351E-01
0.8889E+05   0.2556E+02   0.9352E-01
0.8888E+05   0.2567E+02   0.9350E-01
0.8907E+05   0.2578E+02   0.9350E-01
0.8907E+05   0.2589E+02   0.9353E-01
0.8906E+05   0.2600E+02   0.9355E-01
0.8923E+05   0.2611E+02   0.9355E-01
0.8923E+05   0.2622E+02   0.9356E-01
0.8922E+05   0.2633E+02   0.9358E-01
0.8939E+05   0.2644E+02   0.9357E-01
0.8939E+05   0.2656E+02   0.9356E-01
0.6910E+05   0.2667E+02   0.9356E-01
0.6923E+05   0.2678E+02   0.9358E-01
0.6923E+05   0.2689E+02   0.9361E-01
0.6916E+05   0.2700E+02   0.9364E-01
0.7178E+05   0.2711E+02   0.9364E-01
0.7178E+05   0.2722E+02   0.9365E-01
0.7172E+05   0.2733E+02   0.9367E-01
0.7327E+05   0.2744E+02   0.9367E-01
0.7327E+05   0.2756E+02   0.9366E-01
0.7240E+05   0.2767E+02   0.9368E-01
0.7246E+05   0.2778E+02   0.9372E-01
0.7246E+05   0.2789E+02   0.9373E-01
0.1645E+04   0.2800E+02   0.9378E-01
0.3087E+04   0.2833E+02   0.9387E-01
0.3086E+04   0.2867E+02   0.9390E-01
0.3085E+04   0.2900E+02   0.9393E-01
0.3084E+04   0.2933E+02   0.9395E-01
0.3083E+04   0.2967E+02   0.9396E-01
0.3082E+04   0.3000E+02   0.9398E-01
0.3081E+04   0.3033E+02   0.9399E-01
0.3080E+04   0.3067E+02   0.9401E-01
0.3079E+04   0.3100E+02   0.9402E-01
0.3078E+04   0.3133E+02   0.9403E-01
0.3077E+04   0.3167E+02   0.9404E-01
0.3076E+04   0.3200E+02   0.9405E-01
0.3075E+04   0.3233E+02   0.9406E-01
0.3074E+04   0.3267E+02   0.9407E-01
0.3073E+04   0.3300E+02   0.9408E-01
0.3072E+04   0.3333E+02   0.9409E-01
0.3071E+04   0.3367E+02   0.9409E-01
0.3070E+04   0.3400E+02   0.9410E-01
0.3069E+04   0.3433E+02   0.9411E-01
0.3068E+04   0.3467E+02   0.9411E-01
0.3067E+04   0.3500E+02   0.9412E-01
0.3066E+04   0.3533E+02   0.9412E-01
0.3065E+04   0.3567E+02   0.9413E-01
0.3064E+04   0.3600E+02   0.9414E-01
0.3063E+04   0.3633E+02   0.9414E-01
0.3062E+04   0.3667E+02   0.9414E-01
0.3061E+04   0.3700E+02   0.9415E-01
0.3060E+04   0.3733E+02   0.9415E-01
0.3059E+04   0.3767E+02   0.9415E-01
0.3058E+04   0.3800E+02   0.9416E-01
0.3057E+04   0.3833E+02   0.9416E-01
0.3056E+04   0.3867E+02   0.9416E-01
0.3055E+04   0.3900E+02   0.9417E-01
0.3054E+04   0.3933E+02   0.9417E-01
0.3053E+04   0.3967E+02   0.9417E-01
0.3052E+04   0.4000E+02   0.9417E-01
0.3051E+04   0.4033E+02   0.9417E-01
0.3050E+04   0.4067E+02   0.9417E-01
0.3049E+04   0.4100E+02   0.9418E-01
0.3048E+04   0.4133E+02   0.9418E-01
0.3047E+04   0.4167E+02   0.9418E-01
0.3046E+04   0.4200E+02   0.9418E-01
0.3045E+04   0.4233E+02   0.9418E-01
0.3044E+04   0.4267E+02   0.9418E-01
0.3043E+04   0.4300E+02   0.9418E-01
0.2352E+04   0.4333E+02   0.9418E-01
