0.8320E+03   0.2204E-15   0.0000E+00
0.1199E+04   0.4500E+00   0.1111E+00
0.1198E+04   0.9000E+00   0.1104E+00
0.1197E+04   0.1350E+01   0.1093E+00
0.1196E+04   0.1800E+01   0.1077E+00
0.1195E+04   0.2250E+01   0.1058E+00
0.1194E+04   0.2700E+01   0.1034E+00
0.1193E+04   0.3150E+01   0.1006E+00
0.1200E+04   0.3600E+01   0.9735E-01
0.2351E+04   0.3800E+01   0.9580E-01
0.2352E+04   0.4000E+01   0.9418E-01
0.1774E+05   0.4222E+01   0.9619E-01
0.1775E+05   0.4513E+01   0.9798E-01
0.1775E+05   0.4893E+01   0.9930E-01
0.1775E+05   0.5390E+01   0.9990E-01
0.1775E+05   0.6039E+01   0.9952E-01
0.1775E+05   0.6889E+01   0.9793E-01
0.1493E+05   0.8000E+01   0.9464E-01
0.1493E+05   0.1010E+02   0.8731E-01
0.1493E+05   0.1257E+02   0.7800E-01
0.1493E+05   0.1548E+02   0.6715E-01
0.1493E+05   0.1891E+02   0.5578E-01
0.1493E+05   0.2294E+02   0.4484E-01
0.1494E+05   0.2769E+02   0.3510E-01
0.1494E+05   0.3327E+02   0.2698E-01
0.1494E+05   0.3984E+02   0.2059E-01
0.1494E+05   0.4758E+02   0.1588E-01
0.1494E+05   0.5668E+02   0.1288E-01
0.1494E+05   0.6739E+02   0.1193E-01
0.1494E+05   0.8000E+02   0.1516E-01
