0.2242E+05   -.8000E+02   0.5829E-01
0.2297E+05   -.6739E+02   0.6308E-01
0.2297E+05   -.5668E+02   0.6862E-01
0.2297E+05   -.4758E+02   0.7594E-01
0.2297E+05   -.3984E+02   0.8539E-01
0.2297E+05   -.3327E+02   0.9725E-01
0.2297E+05   -.2769E+02   0.1118E+00
0.2296E+05   -.2294E+02   0.1297E+00
0.2296E+05   -.1891E+02   0.1514E+00
0.2296E+05   -.1548E+02   0.1782E+00
0.2296E+05   -.1257E+02   0.2116E+00
0.2296E+05   -.1010E+02   0.2542E+00
0.1747E+05   -.8000E+01   0.3103E+00
0.1743E+05   -.6889E+01   0.3537E+00
0.1743E+05   -.6039E+01   0.3977E+00
0.1743E+05   -.5390E+01   0.4410E+00
0.1742E+05   -.4893E+01   0.4821E+00
0.1742E+05   -.4513E+01   0.5199E+00
0.1742E+05   -.4222E+01   0.5538E+00
0.4610E+03   -.4000E+01   0.5832E+00
0.4600E+03   -.3800E+01   0.5589E+00
0.4640E+03   -.3600E+01   0.5347E+00
0.8310E+03   -.3150E+01   0.4805E+00
0.8300E+03   -.2700E+01   0.4266E+00
0.8290E+03   -.2250E+01   0.3730E+00
0.8280E+03   -.1800E+01   0.3198E+00
0.8270E+03   -.1350E+01   0.2670E+00
0.8260E+03   -.9000E+00   0.2147E+00
0.8250E+03   -.4500E+00   0.1627E+00
0.8320E+03   -.6217E-14   -.1113E+00
0.1561E+04   0.4500E+00   -.6039E-01
0.1562E+04   0.9000E+00   -.1007E-01
0.1563E+04   0.1350E+01   0.3963E-01
0.1564E+04   0.1800E+01   0.8865E-01
0.1565E+04   0.2250E+01   0.1369E+00
0.1566E+04   0.2700E+01   0.1843E+00
0.1567E+04   0.3150E+01   0.2308E+00
0.1613E+04   0.3600E+01   0.2762E+00
0.3825E+04   0.3800E+01   0.2961E+00
0.3841E+04   0.4000E+01   0.3157E+00
0.1838E+05   0.4222E+01   0.2848E+00
0.1838E+05   0.4513E+01   0.2495E+00
0.1838E+05   0.4893E+01   0.2100E+00
0.1838E+05   0.5390E+01   0.1662E+00
0.1838E+05   0.6039E+01   0.1179E+00
0.1839E+05   0.6889E+01   0.6393E-01
0.1843E+05   0.8000E+01   0.0000E+00
