0.1269E+06   0.0000E+00   -.2212E+01
0.1269E+06   0.1322E+01   -.2213E+01
0.1269E+06   0.2500E+01   -.2215E+01
0.1269E+06   0.3550E+01   -.2218E+01
0.1269E+06   0.4486E+01   -.2223E+01
0.1269E+06   0.5320E+01   -.2228E+01
0.1269E+06   0.6064E+01   -.2235E+01
0.1269E+06   0.6727E+01   -.2243E+01
0.1269E+06   0.7318E+01   -.2251E+01
0.1269E+06   0.7845E+01   -.2260E+01
0.1269E+06   0.8315E+01   -.2258E+01
0.1269E+06   0.8733E+01   -.2252E+01
0.1269E+06   0.9107E+01   -.2188E+01
0.1269E+06   0.9439E+01   -.2194E+01
0.1269E+06   0.9736E+01   -.2015E+01
0.1163E+06   0.1000E+02   -.2979E+01
0.1162E+06   0.1033E+02   0.3147E+00
0.1162E+06   0.1067E+02   -.2341E+00
0.1162E+06   0.1100E+02   -.4976E-02
0.1162E+06   0.1133E+02   -.9599E-01
0.1162E+06   0.1167E+02   -.6152E-01
0.1162E+06   0.1200E+02   -.7690E-01
0.1162E+06   0.1233E+02   -.7227E-01
0.1162E+06   0.1267E+02   -.7546E-01
0.1162E+06   0.1300E+02   -.7523E-01
0.1162E+06   0.1333E+02   -.7616E-01
0.1162E+06   0.1367E+02   -.7643E-01
0.1162E+06   0.1400E+02   -.7683E-01
0.1162E+06   0.1433E+02   -.7708E-01
0.1162E+06   0.1467E+02   -.7731E-01
0.1162E+06   0.1500E+02   -.7748E-01
0.1162E+06   0.1533E+02   -.7764E-01
0.1162E+06   0.1567E+02   -.7776E-01
0.1162E+06   0.1600E+02   -.7787E-01
0.1162E+06   0.1633E+02   -.7796E-01
0.1162E+06   0.1667E+02   -.7804E-01
0.1162E+06   0.1700E+02   -.7811E-01
0.1162E+06   0.1733E+02   -.7817E-01
0.1162E+06   0.1767E+02   -.7823E-01
0.1162E+06   0.1800E+02   -.7827E-01
0.1162E+06   0.1833E+02   -.7832E-01
0.1162E+06   0.1867E+02   -.7835E-01
0.1162E+06   0.1900E+02   -.7839E-01
0.1162E+06   0.1933E+02   -.7842E-01
0.1162E+06   0.1967E+02   -.7845E-01
0.1162E+06   0.2000E+02   -.7847E-01
0.1162E+06   0.2033E+02   -.7850E-01
0.1162E+06   0.2067E+02   -.7852E-01
0.1162E+06   0.2100E+02   -.7854E-01
0.1162E+06   0.2133E+02   -.7855E-01
0.1162E+06   0.2167E+02   -.7857E-01
0.1162E+06   0.2200E+02   -.7859E-01
0.1162E+06   0.2233E+02   -.7860E-01
0.1162E+06   0.2267E+02   -.7862E-01
0.1162E+06   0.2300E+02   -.7863E-01
0.1162E+06   0.2333E+02   -.7864E-01
0.1162E+06   0.2367E+02   -.7865E-01
0.1162E+06   0.2400E+02   -.7868E-01
0.1162E+06   0.2433E+02   -.7869E-01
0.1163E+06   0.2467E+02   -.7878E-01
0.1163E+06   0.2500E+02   -.7897E-01
0.9632E+05   0.2533E+02   -.1271E+00
0.9634E+05   0.2544E+02   0.2913E-03
0.9634E+05   0.2556E+02   -.1565E-01
0.9634E+05   0.2567E+02   -.4459E-03
0.9652E+05   0.2578E+02   -.6338E-02
0.9652E+05   0.2589E+02   -.1292E-02
0.9582E+05   0.2600E+02   -.1050E-02
0.1037E+06   0.2610E+02   -.3825E-02
0.1037E+06   0.2622E+02   -.1084E-01
0.1037E+06   0.2633E+02   -.7108E-02
0.1037E+06   0.2644E+02   -.1606E-01
0.1037E+06   0.2656E+02   -.1326E-02
0.6222E+05   0.2667E+02   -.5857E-02
0.6228E+05   0.2678E+02   -.1326E-02
0.6228E+05   0.2689E+02   -.1606E-01
0.6227E+05   0.2700E+02   -.7109E-02
0.6228E+05   0.2712E+02   -.1085E-01
0.6227E+05   0.2723E+02   -.3827E-02
0.6394E+05   0.2733E+02   -.1051E-02
0.7325E+05   0.2744E+02   -.1293E-02
0.7326E+05   0.2756E+02   -.6342E-02
0.7240E+05   0.2767E+02   -.4468E-03
0.7248E+05   0.2778E+02   -.1566E-01
0.7248E+05   0.2789E+02   0.2889E-03
0.3119E+04   0.2800E+02   -.1271E+00
0.4561E+04   0.2833E+02   -.7904E-01
0.4560E+04   0.2867E+02   -.7884E-01
0.4559E+04   0.2900E+02   -.7878E-01
0.4558E+04   0.2933E+02   -.7878E-01
0.4557E+04   0.2967E+02   -.7877E-01
0.4556E+04   0.3000E+02   -.7877E-01
0.4555E+04   0.3033E+02   -.7877E-01
0.4554E+04   0.3067E+02   -.7877E-01
0.4553E+04   0.3100E+02   -.7878E-01
0.4552E+04   0.3133E+02   -.7878E-01
0.4551E+04   0.3167E+02   -.7878E-01
0.4550E+04   0.3200E+02   -.7878E-01
0.4549E+04   0.3233E+02   -.7878E-01
0.4548E+04   0.3267E+02   -.7879E-01
0.4547E+04   0.3300E+02   -.7879E-01
0.4546E+04   0.3333E+02   -.7879E-01
0.4545E+04   0.3367E+02   -.7879E-01
0.4544E+04   0.3400E+02   -.7879E-01
0.4543E+04   0.3433E+02   -.7879E-01
0.4542E+04   0.3467E+02   -.7880E-01
0.4541E+04   0.3500E+02   -.7880E-01
0.4540E+04   0.3533E+02   -.7880E-01
0.4539E+04   0.3567E+02   -.7880E-01
0.4538E+04   0.3600E+02   -.7880E-01
0.4537E+04   0.3633E+02   -.7880E-01
0.4536E+04   0.3667E+02   -.7880E-01
0.4535E+04   0.3700E+02   -.7880E-01
0.4534E+04   0.3733E+02   -.7881E-01
0.4533E+04   0.3767E+02   -.7881E-01
0.4532E+04   0.3800E+02   -.7881E-01
0.4531E+04   0.3833E+02   -.7881E-01
0.4530E+04   0.3867E+02   -.7881E-01
0.4529E+04   0.3900E+02   -.7881E-01
0.4528E+04   0.3933E+02   -.7881E-01
0.4527E+04   0.3967E+02   -.7881E-01
0.4526E+04   0.4000E+02   -.7881E-01
0.4525E+04   0.4033E+02   -.7881E-01
0.4524E+04   0.4067E+02   -.7881E-01
0.4523E+04   0.4100E+02   -.7881E-01
0.4522E+04   0.4133E+02   -.7881E-01
0.4521E+04   0.4167E+02   -.7881E-01
0.4520E+04   0.4200E+02   -.7881E-01
0.4519E+04   0.4233E+02   -.7881E-01
0.4518E+04   0.4267E+02   -.7881E-01
0.4517E+04   0.4300E+02   -.7881E-01
0.3841E+04   0.4333E+02   -.7881E-01
