0.1269E+06   0.0000E+00   -.2213E+01
0.1270E+06   0.1322E+01   -.2215E+01
0.1270E+06   0.2500E+01   -.2218E+01
0.1270E+06   0.3550E+01   -.2223E+01
0.1270E+06   0.4486E+01   -.2229E+01
0.1270E+06   0.5320E+01   -.2236E+01
0.1270E+06   0.6064E+01   -.2246E+01
0.1270E+06   0.6727E+01   -.2260E+01
0.1270E+06   0.7318E+01   -.2275E+01
0.1270E+06   0.7845E+01   -.2293E+01
0.1270E+06   0.8315E+01   -.2303E+01
0.1270E+06   0.8733E+01   -.2314E+01
0.1269E+06   0.9107E+01   -.2271E+01
0.1269E+06   0.9439E+01   -.2321E+01
0.1269E+06   0.9736E+01   -.2189E+01
0.1169E+06   0.1000E+02   -.3331E+01
0.1169E+06   0.1033E+02   0.3501E+00
0.1169E+06   0.1067E+02   -.2615E+00
0.1169E+06   0.1100E+02   -.3398E-02
0.1169E+06   0.1133E+02   -.1069E+00
0.1169E+06   0.1167E+02   -.6754E-01
0.1170E+06   0.1200E+02   -.8451E-01
0.1170E+06   0.1233E+02   -.7860E-01
0.1170E+06   0.1267E+02   -.8165E-01
0.1170E+06   0.1300E+02   -.8092E-01
0.1170E+06   0.1333E+02   -.8161E-01
0.1170E+06   0.1367E+02   -.8165E-01
0.1170E+06   0.1400E+02   -.8190E-01
0.1170E+06   0.1433E+02   -.8202E-01
0.1170E+06   0.1467E+02   -.8217E-01
0.1170E+06   0.1500E+02   -.8228E-01
0.1170E+06   0.1533E+02   -.8238E-01
0.1170E+06   0.1567E+02   -.8247E-01
0.1170E+06   0.1600E+02   -.8255E-01
0.1170E+06   0.1633E+02   -.8262E-01
0.1170E+06   0.1667E+02   -.8268E-01
0.1170E+06   0.1700E+02   -.8273E-01
0.1170E+06   0.1733E+02   -.8278E-01
0.1170E+06   0.1767E+02   -.8283E-01
0.1170E+06   0.1800E+02   -.8287E-01
0.1170E+06   0.1833E+02   -.8291E-01
0.1170E+06   0.1867E+02   -.8294E-01
0.1170E+06   0.1900E+02   -.8297E-01
0.1170E+06   0.1933E+02   -.8300E-01
0.1170E+06   0.1967E+02   -.8302E-01
0.1170E+06   0.2000E+02   -.8305E-01
0.1170E+06   0.2033E+02   -.8307E-01
0.1170E+06   0.2067E+02   -.8309E-01
0.1170E+06   0.2100E+02   -.8311E-01
0.1170E+06   0.2133E+02   -.8312E-01
0.1170E+06   0.2167E+02   -.8314E-01
0.1170E+06   0.2200E+02   -.8316E-01
0.1170E+06   0.2233E+02   -.8317E-01
0.1170E+06   0.2267E+02   -.8318E-01
0.1170E+06   0.2300E+02   -.8320E-01
0.1170E+06   0.2333E+02   -.8321E-01
0.1170E+06   0.2367E+02   -.8322E-01
0.1170E+06   0.2400E+02   -.8323E-01
0.1170E+06   0.2433E+02   -.8327E-01
0.1170E+06   0.2467E+02   -.8326E-01
0.1170E+06   0.2500E+02   -.8337E-01
0.8877E+05   0.2533E+02   -.1278E+00
0.8889E+05   0.2544E+02   -.2598E-02
0.8889E+05   0.2556E+02   -.1571E-02
0.8888E+05   0.2567E+02   -.1062E-02
0.8907E+05   0.2578E+02   -.1835E-02
0.8907E+05   0.2589E+02   -.2992E-02
0.8906E+05   0.2600E+02   -.4568E-02
0.8923E+05   0.2611E+02   -.3738E-02
0.8923E+05   0.2622E+02   -.2983E-02
0.8922E+05   0.2633E+02   -.2989E-03
0.8939E+05   0.2644E+02   -.3161E-02
0.8939E+05   0.2656E+02   -.4815E-03
0.6910E+05   0.2667E+02   0.1802E-02
0.6923E+05   0.2678E+02   -.4817E-03
0.6923E+05   0.2689E+02   -.3161E-02
0.6916E+05   0.2700E+02   -.2982E-03
0.7178E+05   0.2711E+02   -.2983E-02
0.7178E+05   0.2722E+02   -.3739E-02
0.7172E+05   0.2733E+02   -.4568E-02
0.7327E+05   0.2744E+02   -.2992E-02
0.7327E+05   0.2756E+02   -.1834E-02
0.7240E+05   0.2767E+02   -.1062E-02
0.7246E+05   0.2778E+02   -.1571E-02
0.7246E+05   0.2789E+02   -.2604E-02
0.1645E+04   0.2800E+02   -.1279E+00
0.3087E+04   0.2833E+02   -.8344E-01
0.3086E+04   0.2867E+02   -.8333E-01
0.3085E+04   0.2900E+02   -.8335E-01
0.3084E+04   0.2933E+02   -.8333E-01
0.3083E+04   0.2967E+02   -.8333E-01
0.3082E+04   0.3000E+02   -.8334E-01
0.3081E+04   0.3033E+02   -.8334E-01
0.3080E+04   0.3067E+02   -.8334E-01
0.3079E+04   0.3100E+02   -.8335E-01
0.3078E+04   0.3133E+02   -.8335E-01
0.3077E+04   0.3167E+02   -.8335E-01
0.3076E+04   0.3200E+02   -.8335E-01
0.3075E+04   0.3233E+02   -.8335E-01
0.3074E+04   0.3267E+02   -.8336E-01
0.3073E+04   0.3300E+02   -.8336E-01
0.3072E+04   0.3333E+02   -.8336E-01
0.3071E+04   0.3367E+02   -.8336E-01
0.3070E+04   0.3400E+02   -.8336E-01
0.3069E+04   0.3433E+02   -.8337E-01
0.3068E+04   0.3467E+02   -.8337E-01
0.3067E+04   0.3500E+02   -.8337E-01
0.3066E+04   0.3533E+02   -.8337E-01
0.3065E+04   0.3567E+02   -.8337E-01
0.3064E+04   0.3600E+02   -.8337E-01
0.3063E+04   0.3633E+02   -.8337E-01
0.3062E+04   0.3667E+02   -.8337E-01
0.3061E+04   0.3700E+02   -.8338E-01
0.3060E+04   0.3733E+02   -.8338E-01
0.3059E+04   0.3767E+02   -.8338E-01
0.3058E+04   0.3800E+02   -.8338E-01
0.3057E+04   0.3833E+02   -.8338E-01
0.3056E+04   0.3867E+02   -.8338E-01
0.3055E+04   0.3900E+02   -.8338E-01
0.3054E+04   0.3933E+02   -.8338E-01
0.3053E+04   0.3967E+02   -.8338E-01
0.3052E+04   0.4000E+02   -.8338E-01
0.3051E+04   0.4033E+02   -.8338E-01
0.3050E+04   0.4067E+02   -.8338E-01
0.3049E+04   0.4100E+02   -.8338E-01
0.3048E+04   0.4133E+02   -.8338E-01
0.3047E+04   0.4167E+02   -.8338E-01
0.3046E+04   0.4200E+02   -.8338E-01
0.3045E+04   0.4233E+02   -.8338E-01
0.3044E+04   0.4267E+02   -.8338E-01
0.3043E+04   0.4300E+02   -.8338E-01
0.2352E+04   0.4333E+02   -.8338E-01
