0.2242E+05   -.8000E+02   -.2199E+01
0.2297E+05   -.6739E+02   -.2198E+01
0.2297E+05   -.5668E+02   -.2195E+01
0.2297E+05   -.4758E+02   -.2189E+01
0.2297E+05   -.3984E+02   -.2182E+01
0.2297E+05   -.3327E+02   -.2171E+01
0.2297E+05   -.2769E+02   -.2157E+01
0.2296E+05   -.2294E+02   -.2136E+01
0.2296E+05   -.1891E+02   -.2105E+01
0.2296E+05   -.1548E+02   -.2059E+01
0.2296E+05   -.1257E+02   -.1988E+01
0.2296E+05   -.1010E+02   -.1874E+01
0.1747E+05   -.8000E+01   -.1696E+01
0.1743E+05   -.6889E+01   -.1504E+01
0.1743E+05   -.6039E+01   -.1288E+01
0.1743E+05   -.5390E+01   -.1044E+01
0.1742E+05   -.4893E+01   -.7817E+00
0.1742E+05   -.4513E+01   -.5145E+00
0.1742E+05   -.4222E+01   -.2543E+00
0.4610E+03   -.4000E+01   -.8507E-01
0.4600E+03   -.3800E+01   0.0000E+00
0.4640E+03   -.3600E+01   0.0000E+00
0.8310E+03   -.3150E+01   0.0000E+00
0.8300E+03   -.2700E+01   0.0000E+00
0.8290E+03   -.2250E+01   0.0000E+00
0.8280E+03   -.1800E+01   0.0000E+00
0.8270E+03   -.1350E+01   0.0000E+00
0.8260E+03   -.9000E+00   0.0000E+00
0.8250E+03   -.4500E+00   0.0000E+00
0.8320E+03   -.6217E-14   0.0000E+00
0.1561E+04   0.4500E+00   0.0000E+00
0.1562E+04   0.9000E+00   0.0000E+00
0.1563E+04   0.1350E+01   0.0000E+00
0.1564E+04   0.1800E+01   0.0000E+00
0.1565E+04   0.2250E+01   0.0000E+00
0.1566E+04   0.2700E+01   0.0000E+00
0.1567E+04   0.3150E+01   0.0000E+00
0.1613E+04   0.3600E+01   0.0000E+00
0.3825E+04   0.3800E+01   0.0000E+00
0.3841E+04   0.4000E+01   -.7881E-01
0.1838E+05   0.4222E+01   -.2677E+00
0.1838E+05   0.4513E+01   -.5293E+00
0.1838E+05   0.4893E+01   -.7779E+00
0.1838E+05   0.5390E+01   -.1001E+01
0.1838E+05   0.6039E+01   -.1185E+01
0.1839E+05   0.6889E+01   -.1313E+01
0.1843E+05   0.8000E+01   -.1361E+01
