0.2242E+05   -.8000E+02   -.2221E+01
0.2297E+05   -.6739E+02   -.2221E+01
0.2297E+05   -.5668E+02   -.2225E+01
0.2297E+05   -.4758E+02   -.2232E+01
0.2297E+05   -.3984E+02   -.2242E+01
0.2297E+05   -.3327E+02   -.2256E+01
0.2297E+05   -.2769E+02   -.2275E+01
0.2296E+05   -.2294E+02   -.2301E+01
0.2296E+05   -.1891E+02   -.2340E+01
0.2296E+05   -.1548E+02   -.2396E+01
0.2296E+05   -.1257E+02   -.2482E+01
0.2296E+05   -.1010E+02   -.2619E+01
0.1747E+05   -.8000E+01   -.2835E+01
0.1743E+05   -.6889E+01   -.3057E+01
0.1743E+05   -.6039E+01   -.3309E+01
0.1743E+05   -.5390E+01   -.3591E+01
0.1742E+05   -.4893E+01   -.3892E+01
0.1742E+05   -.4513E+01   -.4197E+01
0.1742E+05   -.4222E+01   -.4491E+01
0.4610E+03   -.4000E+01   -.4719E+01
0.4600E+03   -.3800E+01   0.0000E+00
0.4640E+03   -.3600E+01   0.0000E+00
0.8310E+03   -.3150E+01   0.0000E+00
0.8300E+03   -.2700E+01   0.0000E+00
0.8290E+03   -.2250E+01   0.0000E+00
0.8280E+03   -.1800E+01   0.0000E+00
0.8270E+03   -.1350E+01   0.0000E+00
0.8260E+03   -.9000E+00   0.0000E+00
0.8250E+03   -.4500E+00   0.0000E+00
0.8320E+03   -.6217E-14   0.0000E+00
0.1561E+04   0.4500E+00   0.0000E+00
0.1562E+04   0.9000E+00   0.0000E+00
0.1563E+04   0.1350E+01   0.0000E+00
0.1564E+04   0.1800E+01   0.0000E+00
0.1565E+04   0.2250E+01   0.0000E+00
0.1566E+04   0.2700E+01   0.0000E+00
0.1567E+04   0.3150E+01   0.0000E+00
0.1613E+04   0.3600E+01   0.0000E+00
0.3825E+04   0.3800E+01   0.0000E+00
0.3841E+04   0.4000E+01   -.5240E+01
0.1838E+05   0.4222E+01   -.4940E+01
0.1838E+05   0.4513E+01   -.4569E+01
0.1838E+05   0.4893E+01   -.4214E+01
0.1838E+05   0.5390E+01   -.3895E+01
0.1838E+05   0.6039E+01   -.3631E+01
0.1839E+05   0.6889E+01   -.3446E+01
0.1843E+05   0.8000E+01   -.3376E+01
