0.8320E+03   0.2204E-15   0.0000E+00
0.1199E+04   0.4500E+00   0.0000E+00
0.1198E+04   0.9000E+00   0.0000E+00
0.1197E+04   0.1350E+01   0.0000E+00
0.1196E+04   0.1800E+01   0.0000E+00
0.1195E+04   0.2250E+01   0.0000E+00
0.1194E+04   0.2700E+01   0.0000E+00
0.1193E+04   0.3150E+01   0.0000E+00
0.1200E+04   0.3600E+01   0.0000E+00
0.2351E+04   0.3800E+01   0.0000E+00
0.2352E+04   0.4000E+01   -.3980E+01
0.1774E+05   0.4222E+01   -.3833E+01
0.1775E+05   0.4513E+01   -.3642E+01
0.1775E+05   0.4893E+01   -.3437E+01
0.1775E+05   0.5390E+01   -.3226E+01
0.1775E+05   0.6039E+01   -.3020E+01
0.1775E+05   0.6889E+01   -.2829E+01
0.1493E+05   0.8000E+01   -.2661E+01
0.1493E+05   0.1010E+02   -.2497E+01
0.1493E+05   0.1257E+02   -.2397E+01
0.1493E+05   0.1548E+02   -.2340E+01
0.1493E+05   0.1891E+02   -.2306E+01
0.1493E+05   0.2294E+02   -.2283E+01
0.1494E+05   0.2769E+02   -.2266E+01
0.1494E+05   0.3327E+02   -.2253E+01
0.1494E+05   0.3984E+02   -.2243E+01
0.1494E+05   0.4758E+02   -.2235E+01
0.1494E+05   0.5668E+02   -.2231E+01
0.1494E+05   0.6739E+02   -.2232E+01
0.1494E+05   0.8000E+02   -.2237E+01
