0.1393E+06   0.0000E+00   0.1572E-02
0.1393E+06   0.1322E+01   0.1661E-02
0.1393E+06   0.2500E+01   0.2090E-02
0.1393E+06   0.3550E+01   0.2832E-02
0.1393E+06   0.4486E+01   0.3934E-02
0.1393E+06   0.5320E+01   0.5479E-02
0.1393E+06   0.6064E+01   0.7558E-02
0.1393E+06   0.6727E+01   0.1024E-01
0.1393E+06   0.7318E+01   0.1353E-01
0.1393E+06   0.7845E+01   0.1734E-01
0.1393E+06   0.8315E+01   0.2150E-01
0.1393E+06   0.8733E+01   0.2585E-01
0.1393E+06   0.9107E+01   0.3019E-01
0.1393E+06   0.9439E+01   0.3422E-01
0.1393E+06   0.9736E+01   0.3717E-01
0.1293E+06   0.1000E+02   0.3832E-01
0.1293E+06   0.1033E+02   0.4431E-01
0.1293E+06   0.1067E+02   0.5107E-01
0.1293E+06   0.1100E+02   0.5776E-01
0.1293E+06   0.1133E+02   0.6373E-01
0.1293E+06   0.1167E+02   0.6866E-01
0.1293E+06   0.1200E+02   0.7257E-01
0.1293E+06   0.1233E+02   0.7562E-01
0.1293E+06   0.1267E+02   0.7797E-01
0.1293E+06   0.1300E+02   0.7979E-01
0.1293E+06   0.1333E+02   0.8120E-01
0.1293E+06   0.1367E+02   0.8229E-01
0.1293E+06   0.1400E+02   0.8314E-01
0.1293E+06   0.1433E+02   0.8382E-01
0.1293E+06   0.1467E+02   0.8435E-01
0.1293E+06   0.1500E+02   0.8478E-01
0.1293E+06   0.1533E+02   0.8512E-01
0.1293E+06   0.1567E+02   0.8540E-01
0.1293E+06   0.1600E+02   0.8562E-01
0.1293E+06   0.1633E+02   0.8581E-01
0.1293E+06   0.1667E+02   0.8596E-01
0.1293E+06   0.1700E+02   0.8609E-01
0.1293E+06   0.1733E+02   0.8620E-01
0.1293E+06   0.1767E+02   0.8629E-01
0.1293E+06   0.1800E+02   0.8637E-01
0.1293E+06   0.1833E+02   0.8643E-01
0.1293E+06   0.1867E+02   0.8649E-01
0.1293E+06   0.1900E+02   0.8654E-01
0.1293E+06   0.1933E+02   0.8658E-01
0.1293E+06   0.1967E+02   0.8662E-01
0.1293E+06   0.2000E+02   0.8665E-01
0.1293E+06   0.2033E+02   0.8668E-01
0.1293E+06   0.2067E+02   0.8671E-01
0.1293E+06   0.2100E+02   0.8673E-01
0.1293E+06   0.2133E+02   0.8675E-01
0.1293E+06   0.2167E+02   0.8677E-01
0.1293E+06   0.2200E+02   0.8679E-01
0.1293E+06   0.2233E+02   0.8680E-01
0.1293E+06   0.2267E+02   0.8682E-01
0.1293E+06   0.2300E+02   0.8683E-01
0.1293E+06   0.2333E+02   0.8684E-01
0.1293E+06   0.2367E+02   0.8685E-01
0.1293E+06   0.2400E+02   0.8686E-01
0.1293E+06   0.2433E+02   0.8685E-01
0.1293E+06   0.2467E+02   0.8684E-01
0.1293E+06   0.2500E+02   0.8681E-01
0.1028E+06   0.2533E+02   0.8675E-01
0.1029E+06   0.2544E+02   0.8674E-01
0.1029E+06   0.2556E+02   0.8698E-01
0.1029E+06   0.2567E+02   0.8679E-01
0.1031E+06   0.2578E+02   0.8681E-01
0.1031E+06   0.2589E+02   0.8706E-01
0.1031E+06   0.2600E+02   0.8674E-01
0.1033E+06   0.2611E+02   0.8701E-01
0.1033E+06   0.2622E+02   0.8674E-01
0.1033E+06   0.2633E+02   0.8670E-01
0.1035E+06   0.2644E+02   0.8667E-01
0.1035E+06   0.2656E+02   0.8660E-01
0.8629E+05   0.2667E+02   0.8660E-01
0.8644E+05   0.2678E+02   0.8661E-01
0.8644E+05   0.2689E+02   0.8668E-01
0.8636E+05   0.2700E+02   0.8671E-01
0.9111E+05   0.2711E+02   0.8675E-01
0.9112E+05   0.2722E+02   0.8702E-01
0.9104E+05   0.2733E+02   0.8676E-01
0.9287E+05   0.2744E+02   0.8708E-01
0.9288E+05   0.2756E+02   0.8683E-01
0.9186E+05   0.2767E+02   0.8682E-01
0.9193E+05   0.2778E+02   0.8701E-01
0.9193E+05   0.2789E+02   0.8677E-01
0.1645E+04   0.2800E+02   0.8678E-01
0.3087E+04   0.2833E+02   0.8685E-01
0.3086E+04   0.2867E+02   0.8689E-01
0.3085E+04   0.2900E+02   0.8692E-01
0.3084E+04   0.2933E+02   0.8693E-01
0.3083E+04   0.2967E+02   0.8694E-01
0.3082E+04   0.3000E+02   0.8694E-01
0.3081E+04   0.3033E+02   0.8694E-01
0.3080E+04   0.3067E+02   0.8694E-01
0.3079E+04   0.3100E+02   0.8694E-01
0.3078E+04   0.3133E+02   0.8694E-01
0.3077E+04   0.3167E+02   0.8694E-01
0.3076E+04   0.3200E+02   0.8694E-01
0.3075E+04   0.3233E+02   0.8694E-01
0.3074E+04   0.3267E+02   0.8694E-01
0.3073E+04   0.3300E+02   0.8694E-01
0.3072E+04   0.3333E+02   0.8694E-01
0.3071E+04   0.3367E+02   0.8694E-01
0.3070E+04   0.3400E+02   0.8694E-01
0.3069E+04   0.3433E+02   0.8694E-01
0.3068E+04   0.3467E+02   0.8694E-01
0.3067E+04   0.3500E+02   0.8694E-01
0.3066E+04   0.3533E+02   0.8694E-01
0.3065E+04   0.3567E+02   0.8694E-01
0.3064E+04   0.3600E+02   0.8694E-01
0.3063E+04   0.3633E+02   0.8694E-01
0.3062E+04   0.3667E+02   0.8694E-01
0.3061E+04   0.3700E+02   0.8694E-01
0.3060E+04   0.3733E+02   0.8694E-01
0.3059E+04   0.3767E+02   0.8694E-01
0.3058E+04   0.3800E+02   0.8694E-01
0.3057E+04   0.3833E+02   0.8694E-01
0.3056E+04   0.3867E+02   0.8694E-01
0.3055E+04   0.3900E+02   0.8694E-01
0.3054E+04   0.3933E+02   0.8694E-01
0.3053E+04   0.3967E+02   0.8693E-01
0.3052E+04   0.4000E+02   0.8693E-01
0.3051E+04   0.4033E+02   0.8693E-01
0.3050E+04   0.4067E+02   0.8693E-01
0.3049E+04   0.4100E+02   0.8693E-01
0.3048E+04   0.4133E+02   0.8693E-01
0.3047E+04   0.4167E+02   0.8693E-01
0.3046E+04   0.4200E+02   0.8693E-01
0.3045E+04   0.4233E+02   0.8693E-01
0.3044E+04   0.4267E+02   0.8693E-01
0.3043E+04   0.4300E+02   0.8693E-01
0.2352E+04   0.4333E+02   0.8693E-01
