0.1392E+06   0.0000E+00   -.3168E-03
0.1392E+06   0.1322E+01   -.3349E-03
0.1392E+06   0.2500E+01   -.4249E-03
0.1392E+06   0.3550E+01   -.5821E-03
0.1392E+06   0.4486E+01   -.8199E-03
0.1392E+06   0.5320E+01   -.1156E-02
0.1392E+06   0.6064E+01   -.1612E-02
0.1392E+06   0.6727E+01   -.2163E-02
0.1392E+06   0.7318E+01   -.2734E-02
0.1392E+06   0.7845E+01   -.2934E-02
0.1392E+06   0.8315E+01   -.2250E-02
0.1392E+06   0.8733E+01   0.9761E-03
0.1392E+06   0.9107E+01   0.6826E-02
0.1392E+06   0.9439E+01   0.1906E-01
0.1392E+06   0.9736E+01   0.2220E-01
0.1286E+06   0.1000E+02   0.3035E-01
0.1286E+06   0.1033E+02   0.1472E+00
0.1286E+06   0.1067E+02   0.1350E+00
0.1286E+06   0.1100E+02   0.1372E+00
0.1286E+06   0.1133E+02   0.1380E+00
0.1286E+06   0.1167E+02   0.1397E+00
0.1286E+06   0.1200E+02   0.1404E+00
0.1286E+06   0.1233E+02   0.1413E+00
0.1286E+06   0.1267E+02   0.1420E+00
0.1286E+06   0.1300E+02   0.1426E+00
0.1286E+06   0.1333E+02   0.1430E+00
0.1286E+06   0.1367E+02   0.1435E+00
0.1286E+06   0.1400E+02   0.1438E+00
0.1286E+06   0.1433E+02   0.1441E+00
0.1286E+06   0.1467E+02   0.1444E+00
0.1286E+06   0.1500E+02   0.1446E+00
0.1286E+06   0.1533E+02   0.1448E+00
0.1286E+06   0.1567E+02   0.1450E+00
0.1286E+06   0.1600E+02   0.1451E+00
0.1286E+06   0.1633E+02   0.1453E+00
0.1286E+06   0.1667E+02   0.1454E+00
0.1286E+06   0.1700E+02   0.1455E+00
0.1286E+06   0.1733E+02   0.1456E+00
0.1286E+06   0.1767E+02   0.1456E+00
0.1286E+06   0.1800E+02   0.1457E+00
0.1286E+06   0.1833E+02   0.1458E+00
0.1286E+06   0.1867E+02   0.1458E+00
0.1286E+06   0.1900E+02   0.1459E+00
0.1286E+06   0.1933E+02   0.1459E+00
0.1286E+06   0.1967E+02   0.1460E+00
0.1286E+06   0.2000E+02   0.1460E+00
0.1286E+06   0.2033E+02   0.1460E+00
0.1286E+06   0.2067E+02   0.1461E+00
0.1286E+06   0.2100E+02   0.1461E+00
0.1286E+06   0.2133E+02   0.1461E+00
0.1286E+06   0.2167E+02   0.1462E+00
0.1286E+06   0.2200E+02   0.1462E+00
0.1286E+06   0.2233E+02   0.1462E+00
0.1286E+06   0.2267E+02   0.1462E+00
0.1286E+06   0.2300E+02   0.1462E+00
0.1286E+06   0.2333E+02   0.1463E+00
0.1286E+06   0.2367E+02   0.1463E+00
0.1286E+06   0.2400E+02   0.1463E+00
0.1286E+06   0.2433E+02   0.1463E+00
0.1286E+06   0.2467E+02   0.1463E+00
0.1286E+06   0.2500E+02   0.1464E+00
0.1085E+06   0.2533E+02   0.1462E+00
0.1085E+06   0.2544E+02   0.1461E+00
0.1085E+06   0.2556E+02   0.1463E+00
0.1085E+06   0.2567E+02   0.1459E+00
0.1087E+06   0.2578E+02   0.1462E+00
0.1087E+06   0.2589E+02   0.1461E+00
0.1013E+06   0.2600E+02   0.1459E+00
0.1015E+06   0.2610E+02   0.1459E+00
0.1020E+06   0.2618E+02   0.1460E+00
0.1020E+06   0.2626E+02   0.1461E+00
0.1020E+06   0.2633E+02   0.1461E+00
0.1020E+06   0.2644E+02   0.1460E+00
0.1020E+06   0.2656E+02   0.1461E+00
0.7428E+05   0.2667E+02   0.1460E+00
0.7448E+05   0.2678E+02   0.1461E+00
0.7449E+05   0.2689E+02   0.1460E+00
0.7448E+05   0.2700E+02   0.1462E+00
0.7448E+05   0.2708E+02   0.1461E+00
0.7448E+05   0.2716E+02   0.1460E+00
0.7390E+05   0.2723E+02   0.1459E+00
0.7371E+05   0.2733E+02   0.1459E+00
0.9286E+05   0.2744E+02   0.1461E+00
0.9286E+05   0.2756E+02   0.1462E+00
0.9186E+05   0.2767E+02   0.1460E+00
0.9195E+05   0.2778E+02   0.1463E+00
0.9194E+05   0.2789E+02   0.1462E+00
0.3119E+04   0.2800E+02   0.1463E+00
0.4561E+04   0.2833E+02   0.1465E+00
0.4560E+04   0.2867E+02   0.1464E+00
0.4559E+04   0.2900E+02   0.1465E+00
0.4558E+04   0.2933E+02   0.1464E+00
0.4557E+04   0.2967E+02   0.1465E+00
0.4556E+04   0.3000E+02   0.1465E+00
0.4555E+04   0.3033E+02   0.1465E+00
0.4554E+04   0.3067E+02   0.1465E+00
0.4553E+04   0.3100E+02   0.1465E+00
0.4552E+04   0.3133E+02   0.1465E+00
0.4551E+04   0.3167E+02   0.1465E+00
0.4550E+04   0.3200E+02   0.1465E+00
0.4549E+04   0.3233E+02   0.1465E+00
0.4548E+04   0.3267E+02   0.1465E+00
0.4547E+04   0.3300E+02   0.1465E+00
0.4546E+04   0.3333E+02   0.1465E+00
0.4545E+04   0.3367E+02   0.1465E+00
0.4544E+04   0.3400E+02   0.1465E+00
0.4543E+04   0.3433E+02   0.1465E+00
0.4542E+04   0.3467E+02   0.1465E+00
0.4541E+04   0.3500E+02   0.1465E+00
0.4540E+04   0.3533E+02   0.1465E+00
0.4539E+04   0.3567E+02   0.1465E+00
0.4538E+04   0.3600E+02   0.1465E+00
0.4537E+04   0.3633E+02   0.1465E+00
0.4536E+04   0.3667E+02   0.1465E+00
0.4535E+04   0.3700E+02   0.1465E+00
0.4534E+04   0.3733E+02   0.1465E+00
0.4533E+04   0.3767E+02   0.1465E+00
0.4532E+04   0.3800E+02   0.1465E+00
0.4531E+04   0.3833E+02   0.1465E+00
0.4530E+04   0.3867E+02   0.1465E+00
0.4529E+04   0.3900E+02   0.1465E+00
0.4528E+04   0.3933E+02   0.1465E+00
0.4527E+04   0.3967E+02   0.1465E+00
0.4526E+04   0.4000E+02   0.1465E+00
0.4525E+04   0.4033E+02   0.1465E+00
0.4524E+04   0.4067E+02   0.1465E+00
0.4523E+04   0.4100E+02   0.1465E+00
0.4522E+04   0.4133E+02   0.1465E+00
0.4521E+04   0.4167E+02   0.1465E+00
0.4520E+04   0.4200E+02   0.1465E+00
0.4519E+04   0.4233E+02   0.1465E+00
0.4518E+04   0.4267E+02   0.1465E+00
0.4517E+04   0.4300E+02   0.1465E+00
0.3841E+04   0.4333E+02   0.1465E+00
