0.2420E+05   -.8000E+02   0.3799E-01
0.2485E+05   -.6829E+02   0.4184E-01
0.2485E+05   -.5830E+02   0.4636E-01
0.2485E+05   -.4979E+02   0.5206E-01
0.2485E+05   -.4253E+02   0.5911E-01
0.2485E+05   -.3634E+02   0.6761E-01
0.2484E+05   -.3106E+02   0.7765E-01
0.2484E+05   -.2655E+02   0.8933E-01
0.2484E+05   -.2271E+02   0.1028E+00
0.2484E+05   -.1944E+02   0.1184E+00
0.2484E+05   -.1665E+02   0.1362E+00
0.2484E+05   -.1427E+02   0.1567E+00
0.2484E+05   -.1224E+02   0.1802E+00
0.2484E+05   -.1051E+02   0.2074E+00
0.2484E+05   -.9029E+01   0.2388E+00
0.2484E+05   -.7770E+01   0.2754E+00
0.2484E+05   -.6696E+01   0.3181E+00
0.2483E+05   -.5781E+01   0.3682E+00
0.1928E+05   -.5000E+01   0.4272E+00
0.1924E+05   -.4750E+01   0.4506E+00
0.1924E+05   -.4500E+01   0.4770E+00
0.1924E+05   -.4250E+01   0.5068E+00
0.4610E+03   -.4000E+01   0.5409E+00
0.4600E+03   -.3800E+01   0.5180E+00
0.4640E+03   -.3600E+01   0.4952E+00
0.8310E+03   -.3150E+01   0.4445E+00
0.8300E+03   -.2700E+01   0.3945E+00
0.8290E+03   -.2250E+01   0.3453E+00
0.8280E+03   -.1800E+01   0.2972E+00
0.8270E+03   -.1350E+01   0.2501E+00
0.8260E+03   -.9000E+00   0.2043E+00
0.8250E+03   -.4500E+00   0.1598E+00
0.8320E+03   -.6217E-14   -.1168E+00
0.1561E+04   0.4500E+00   -.7564E-01
0.1562E+04   0.9000E+00   -.3636E-01
0.1563E+04   0.1350E+01   0.7401E-03
0.1564E+04   0.1800E+01   0.3526E-01
0.1565E+04   0.2250E+01   0.6670E-01
0.1566E+04   0.2700E+01   0.9452E-01
0.1567E+04   0.3150E+01   0.1180E+00
0.1613E+04   0.3600E+01   0.1360E+00
0.3825E+04   0.3800E+01   0.1420E+00
0.3841E+04   0.4000E+01   0.1465E+00
0.1992E+05   0.4250E+01   0.1035E+00
0.1992E+05   0.4500E+01   0.6621E-01
0.1992E+05   0.4750E+01   0.3234E-01
0.1997E+05   0.5000E+01   0.0000E+00
