0.1393E+06   0.0000E+00   0.2269E-02
0.1393E+06   0.1322E+01   0.2997E-02
0.1393E+06   0.2500E+01   0.3839E-02
0.1393E+06   0.3550E+01   0.4968E-02
0.1393E+06   0.4486E+01   0.6539E-02
0.1393E+06   0.5320E+01   0.8760E-02
0.1393E+06   0.6064E+01   0.1191E-01
0.1393E+06   0.6727E+01   0.1642E-01
0.1393E+06   0.7318E+01   0.2286E-01
0.1393E+06   0.7845E+01   0.3215E-01
0.1393E+06   0.8315E+01   0.4516E-01
0.1393E+06   0.8733E+01   0.6371E-01
0.1393E+06   0.9107E+01   0.8659E-01
0.1393E+06   0.9439E+01   0.1176E+00
0.1393E+06   0.9736E+01   0.1390E+00
0.1293E+06   0.1000E+02   0.1911E+00
0.1293E+06   0.1033E+02   0.4684E+00
0.1293E+06   0.1067E+02   0.5489E+00
0.1293E+06   0.1100E+02   0.6114E+00
0.1293E+06   0.1133E+02   0.6487E+00
0.1293E+06   0.1167E+02   0.6778E+00
0.1293E+06   0.1200E+02   0.6988E+00
0.1293E+06   0.1233E+02   0.7153E+00
0.1293E+06   0.1267E+02   0.7280E+00
0.1293E+06   0.1300E+02   0.7381E+00
0.1293E+06   0.1333E+02   0.7463E+00
0.1293E+06   0.1367E+02   0.7529E+00
0.1293E+06   0.1400E+02   0.7583E+00
0.1293E+06   0.1433E+02   0.7628E+00
0.1293E+06   0.1467E+02   0.7666E+00
0.1293E+06   0.1500E+02   0.7697E+00
0.1293E+06   0.1533E+02   0.7724E+00
0.1293E+06   0.1567E+02   0.7747E+00
0.1293E+06   0.1600E+02   0.7766E+00
0.1293E+06   0.1633E+02   0.7783E+00
0.1293E+06   0.1667E+02   0.7798E+00
0.1293E+06   0.1700E+02   0.7811E+00
0.1293E+06   0.1733E+02   0.7822E+00
0.1293E+06   0.1767E+02   0.7832E+00
0.1293E+06   0.1800E+02   0.7841E+00
0.1293E+06   0.1833E+02   0.7849E+00
0.1293E+06   0.1867E+02   0.7856E+00
0.1293E+06   0.1900E+02   0.7863E+00
0.1293E+06   0.1933E+02   0.7869E+00
0.1293E+06   0.1967E+02   0.7874E+00
0.1293E+06   0.2000E+02   0.7879E+00
0.1293E+06   0.2033E+02   0.7884E+00
0.1293E+06   0.2067E+02   0.7888E+00
0.1293E+06   0.2100E+02   0.7892E+00
0.1293E+06   0.2133E+02   0.7895E+00
0.1293E+06   0.2167E+02   0.7899E+00
0.1293E+06   0.2200E+02   0.7902E+00
0.1293E+06   0.2233E+02   0.7905E+00
0.1293E+06   0.2267E+02   0.7908E+00
0.1293E+06   0.2300E+02   0.7911E+00
0.1293E+06   0.2333E+02   0.7913E+00
0.1293E+06   0.2367E+02   0.7916E+00
0.1293E+06   0.2400E+02   0.7919E+00
0.1293E+06   0.2433E+02   0.7922E+00
0.1293E+06   0.2467E+02   0.7925E+00
0.1293E+06   0.2500E+02   0.7928E+00
0.1028E+06   0.2533E+02   0.7930E+00
0.1029E+06   0.2544E+02   0.7927E+00
0.1029E+06   0.2556E+02   0.7927E+00
0.1029E+06   0.2567E+02   0.7928E+00
0.1031E+06   0.2578E+02   0.7929E+00
0.1031E+06   0.2589E+02   0.7929E+00
0.1031E+06   0.2600E+02   0.7930E+00
0.1033E+06   0.2611E+02   0.7931E+00
0.1033E+06   0.2622E+02   0.7933E+00
0.1033E+06   0.2633E+02   0.7934E+00
0.1035E+06   0.2644E+02   0.7933E+00
0.1035E+06   0.2656E+02   0.7934E+00
0.8629E+05   0.2667E+02   0.7934E+00
0.8644E+05   0.2678E+02   0.7935E+00
0.8644E+05   0.2689E+02   0.7935E+00
0.8636E+05   0.2700E+02   0.7936E+00
0.9111E+05   0.2711E+02   0.7936E+00
0.9112E+05   0.2722E+02   0.7935E+00
0.9104E+05   0.2733E+02   0.7935E+00
0.9287E+05   0.2744E+02   0.7935E+00
0.9288E+05   0.2756E+02   0.7935E+00
0.9186E+05   0.2767E+02   0.7935E+00
0.9193E+05   0.2778E+02   0.7935E+00
0.9193E+05   0.2789E+02   0.7936E+00
0.1645E+04   0.2800E+02   0.7940E+00
0.3087E+04   0.2833E+02   0.7940E+00
0.3086E+04   0.2867E+02   0.7940E+00
0.3085E+04   0.2900E+02   0.7939E+00
0.3084E+04   0.2933E+02   0.7939E+00
0.3083E+04   0.2967E+02   0.7939E+00
0.3082E+04   0.3000E+02   0.7939E+00
0.3081E+04   0.3033E+02   0.7940E+00
0.3080E+04   0.3067E+02   0.7940E+00
0.3079E+04   0.3100E+02   0.7940E+00
0.3078E+04   0.3133E+02   0.7941E+00
0.3077E+04   0.3167E+02   0.7941E+00
0.3076E+04   0.3200E+02   0.7941E+00
0.3075E+04   0.3233E+02   0.7942E+00
0.3074E+04   0.3267E+02   0.7942E+00
0.3073E+04   0.3300E+02   0.7942E+00
0.3072E+04   0.3333E+02   0.7943E+00
0.3071E+04   0.3367E+02   0.7943E+00
0.3070E+04   0.3400E+02   0.7943E+00
0.3069E+04   0.3433E+02   0.7944E+00
0.3068E+04   0.3467E+02   0.7944E+00
0.3067E+04   0.3500E+02   0.7944E+00
0.3066E+04   0.3533E+02   0.7945E+00
0.3065E+04   0.3567E+02   0.7945E+00
0.3064E+04   0.3600E+02   0.7945E+00
0.3063E+04   0.3633E+02   0.7945E+00
0.3062E+04   0.3667E+02   0.7945E+00
0.3061E+04   0.3700E+02   0.7946E+00
0.3060E+04   0.3733E+02   0.7946E+00
0.3059E+04   0.3767E+02   0.7946E+00
0.3058E+04   0.3800E+02   0.7946E+00
0.3057E+04   0.3833E+02   0.7946E+00
0.3056E+04   0.3867E+02   0.7946E+00
0.3055E+04   0.3900E+02   0.7946E+00
0.3054E+04   0.3933E+02   0.7947E+00
0.3053E+04   0.3967E+02   0.7947E+00
0.3052E+04   0.4000E+02   0.7947E+00
0.3051E+04   0.4033E+02   0.7947E+00
0.3050E+04   0.4067E+02   0.7947E+00
0.3049E+04   0.4100E+02   0.7947E+00
0.3048E+04   0.4133E+02   0.7947E+00
0.3047E+04   0.4167E+02   0.7947E+00
0.3046E+04   0.4200E+02   0.7947E+00
0.3045E+04   0.4233E+02   0.7947E+00
0.3044E+04   0.4267E+02   0.7947E+00
0.3043E+04   0.4300E+02   0.7947E+00
0.2352E+04   0.4333E+02   0.7947E+00
