0.8320E+03   0.2204E-15   0.0000E+00
0.1199E+04   0.4500E+00   0.1165E+00
0.1198E+04   0.9000E+00   0.1156E+00
0.1197E+04   0.1350E+01   0.1140E+00
0.1196E+04   0.1800E+01   0.1117E+00
0.1195E+04   0.2250E+01   0.1085E+00
0.1194E+04   0.2700E+01   0.1045E+00
0.1193E+04   0.3150E+01   0.9941E-01
0.1200E+04   0.3600E+01   0.9328E-01
0.2351E+04   0.3800E+01   0.9021E-01
0.2352E+04   0.4000E+01   0.8693E-01
0.1942E+05   0.4250E+01   0.9561E-01
0.1942E+05   0.4500E+01   0.1021E+00
0.1942E+05   0.4750E+01   0.1070E+00
0.1689E+05   0.5000E+01   0.1106E+00
0.1689E+05   0.5781E+01   0.1165E+00
0.1689E+05   0.6696E+01   0.1172E+00
0.1689E+05   0.7770E+01   0.1139E+00
0.1690E+05   0.9029E+01   0.1072E+00
0.1690E+05   0.1051E+02   0.9762E-01
0.1690E+05   0.1224E+02   0.8609E-01
0.1690E+05   0.1427E+02   0.7357E-01
0.1690E+05   0.1665E+02   0.6105E-01
0.1690E+05   0.1944E+02   0.4936E-01
0.1690E+05   0.2271E+02   0.3903E-01
0.1690E+05   0.2655E+02   0.3033E-01
0.1690E+05   0.3106E+02   0.2327E-01
0.1690E+05   0.3634E+02   0.1774E-01
0.1690E+05   0.4253E+02   0.1358E-01
0.1691E+05   0.4979E+02   0.1065E-01
0.1691E+05   0.5830E+02   0.8933E-02
0.1691E+05   0.6829E+02   0.8709E-02
0.1691E+05   0.8000E+02   0.1202E-01
