0.8320E+03   0.2204E-15   -.1168E+00
0.1199E+04   0.4500E+00   0.9132E-01
0.1198E+04   0.9000E+00   0.1825E+00
0.1197E+04   0.1350E+01   0.2733E+00
0.1196E+04   0.1800E+01   0.3638E+00
0.1195E+04   0.2250E+01   0.4537E+00
0.1194E+04   0.2700E+01   0.5429E+00
0.1193E+04   0.3150E+01   0.6312E+00
0.1200E+04   0.3600E+01   0.7183E+00
0.2351E+04   0.3800E+01   0.7566E+00
0.2352E+04   0.4000E+01   0.7947E+00
0.1942E+05   0.4250E+01   0.7653E+00
0.1942E+05   0.4500E+01   0.7386E+00
0.1942E+05   0.4750E+01   0.7144E+00
0.1689E+05   0.5000E+01   0.6922E+00
0.1689E+05   0.5781E+01   0.6333E+00
0.1689E+05   0.6696E+01   0.5801E+00
0.1689E+05   0.7770E+01   0.5321E+00
0.1690E+05   0.9029E+01   0.4882E+00
0.1690E+05   0.1051E+02   0.4475E+00
0.1690E+05   0.1224E+02   0.4090E+00
0.1690E+05   0.1427E+02   0.3721E+00
0.1690E+05   0.1665E+02   0.3368E+00
0.1690E+05   0.1944E+02   0.3032E+00
0.1690E+05   0.2271E+02   0.2720E+00
0.1690E+05   0.2655E+02   0.2434E+00
0.1690E+05   0.3106E+02   0.2180E+00
0.1690E+05   0.3634E+02   0.1960E+00
0.1690E+05   0.4253E+02   0.1775E+00
0.1691E+05   0.4979E+02   0.1624E+00
0.1691E+05   0.5830E+02   0.1505E+00
0.1691E+05   0.6829E+02   0.1414E+00
0.1691E+05   0.8000E+02   0.1325E+00
