0.1392E+06   0.0000E+00   -.2215E+01
0.1392E+06   0.1322E+01   -.2218E+01
0.1392E+06   0.2500E+01   -.2222E+01
0.1392E+06   0.3550E+01   -.2229E+01
0.1392E+06   0.4486E+01   -.2237E+01
0.1392E+06   0.5320E+01   -.2249E+01
0.1392E+06   0.6064E+01   -.2266E+01
0.1392E+06   0.6727E+01   -.2290E+01
0.1392E+06   0.7318E+01   -.2326E+01
0.1392E+06   0.7845E+01   -.2376E+01
0.1392E+06   0.8315E+01   -.2453E+01
0.1392E+06   0.8733E+01   -.2550E+01
0.1392E+06   0.9107E+01   -.2722E+01
0.1392E+06   0.9439E+01   -.2861E+01
0.1392E+06   0.9736E+01   -.3403E+01
0.1286E+06   0.1000E+02   -.3562E+01
0.1286E+06   0.1033E+02   -.5604E+01
0.1286E+06   0.1067E+02   -.5874E+01
0.1286E+06   0.1100E+02   -.6520E+01
0.1286E+06   0.1133E+02   -.6764E+01
0.1286E+06   0.1167E+02   -.7016E+01
0.1286E+06   0.1200E+02   -.7173E+01
0.1286E+06   0.1233E+02   -.7303E+01
0.1286E+06   0.1267E+02   -.7398E+01
0.1286E+06   0.1300E+02   -.7475E+01
0.1286E+06   0.1333E+02   -.7535E+01
0.1286E+06   0.1367E+02   -.7583E+01
0.1286E+06   0.1400E+02   -.7623E+01
0.1286E+06   0.1433E+02   -.7655E+01
0.1286E+06   0.1467E+02   -.7682E+01
0.1286E+06   0.1500E+02   -.7704E+01
0.1286E+06   0.1533E+02   -.7723E+01
0.1286E+06   0.1567E+02   -.7739E+01
0.1286E+06   0.1600E+02   -.7753E+01
0.1286E+06   0.1633E+02   -.7765E+01
0.1286E+06   0.1667E+02   -.7775E+01
0.1286E+06   0.1700E+02   -.7784E+01
0.1286E+06   0.1733E+02   -.7792E+01
0.1286E+06   0.1767E+02   -.7799E+01
0.1286E+06   0.1800E+02   -.7806E+01
0.1286E+06   0.1833E+02   -.7811E+01
0.1286E+06   0.1867E+02   -.7816E+01
0.1286E+06   0.1900E+02   -.7821E+01
0.1286E+06   0.1933E+02   -.7825E+01
0.1286E+06   0.1967E+02   -.7829E+01
0.1286E+06   0.2000E+02   -.7832E+01
0.1286E+06   0.2033E+02   -.7835E+01
0.1286E+06   0.2067E+02   -.7838E+01
0.1286E+06   0.2100E+02   -.7841E+01
0.1286E+06   0.2133E+02   -.7843E+01
0.1286E+06   0.2167E+02   -.7845E+01
0.1286E+06   0.2200E+02   -.7848E+01
0.1286E+06   0.2233E+02   -.7850E+01
0.1286E+06   0.2267E+02   -.7852E+01
0.1286E+06   0.2300E+02   -.7854E+01
0.1286E+06   0.2333E+02   -.7855E+01
0.1286E+06   0.2367E+02   -.7857E+01
0.1286E+06   0.2400E+02   -.7859E+01
0.1286E+06   0.2433E+02   -.7862E+01
0.1286E+06   0.2467E+02   -.7864E+01
0.1286E+06   0.2500E+02   -.7869E+01
0.1085E+06   0.2533E+02   -.8034E+01
0.1085E+06   0.2544E+02   -.8087E+01
0.1085E+06   0.2556E+02   -.8085E+01
0.1085E+06   0.2567E+02   -.8007E+01
0.1087E+06   0.2578E+02   -.8092E+01
0.1087E+06   0.2589E+02   -.8097E+01
0.1013E+06   0.2600E+02   -.8075E+01
0.1015E+06   0.2610E+02   -.8066E+01
0.1020E+06   0.2618E+02   -.8101E+01
0.1020E+06   0.2626E+02   -.8106E+01
0.1020E+06   0.2633E+02   -.8099E+01
0.1020E+06   0.2644E+02   -.8021E+01
0.1020E+06   0.2656E+02   -.8108E+01
0.7428E+05   0.2667E+02   -.8085E+01
0.7448E+05   0.2678E+02   -.8109E+01
0.7449E+05   0.2689E+02   -.8022E+01
0.7448E+05   0.2700E+02   -.8101E+01
0.7448E+05   0.2708E+02   -.8108E+01
0.7448E+05   0.2716E+02   -.8103E+01
0.7390E+05   0.2723E+02   -.8069E+01
0.7371E+05   0.2733E+02   -.8078E+01
0.9286E+05   0.2744E+02   -.8101E+01
0.9286E+05   0.2756E+02   -.8097E+01
0.9186E+05   0.2767E+02   -.8012E+01
0.9195E+05   0.2778E+02   -.8090E+01
0.9194E+05   0.2789E+02   -.8094E+01
0.3119E+04   0.2800E+02   -.8040E+01
0.4561E+04   0.2833E+02   -.7877E+01
0.4560E+04   0.2867E+02   -.7875E+01
0.4559E+04   0.2900E+02   -.7874E+01
0.4558E+04   0.2933E+02   -.7873E+01
0.4557E+04   0.2967E+02   -.7873E+01
0.4556E+04   0.3000E+02   -.7873E+01
0.4555E+04   0.3033E+02   -.7873E+01
0.4554E+04   0.3067E+02   -.7874E+01
0.4553E+04   0.3100E+02   -.7874E+01
0.4552E+04   0.3133E+02   -.7874E+01
0.4551E+04   0.3167E+02   -.7874E+01
0.4550E+04   0.3200E+02   -.7875E+01
0.4549E+04   0.3233E+02   -.7875E+01
0.4548E+04   0.3267E+02   -.7875E+01
0.4547E+04   0.3300E+02   -.7875E+01
0.4546E+04   0.3333E+02   -.7876E+01
0.4545E+04   0.3367E+02   -.7876E+01
0.4544E+04   0.3400E+02   -.7876E+01
0.4543E+04   0.3433E+02   -.7876E+01
0.4542E+04   0.3467E+02   -.7877E+01
0.4541E+04   0.3500E+02   -.7877E+01
0.4540E+04   0.3533E+02   -.7877E+01
0.4539E+04   0.3567E+02   -.7877E+01
0.4538E+04   0.3600E+02   -.7877E+01
0.4537E+04   0.3633E+02   -.7877E+01
0.4536E+04   0.3667E+02   -.7877E+01
0.4535E+04   0.3700E+02   -.7878E+01
0.4534E+04   0.3733E+02   -.7878E+01
0.4533E+04   0.3767E+02   -.7878E+01
0.4532E+04   0.3800E+02   -.7878E+01
0.4531E+04   0.3833E+02   -.7878E+01
0.4530E+04   0.3867E+02   -.7878E+01
0.4529E+04   0.3900E+02   -.7878E+01
0.4528E+04   0.3933E+02   -.7878E+01
0.4527E+04   0.3967E+02   -.7878E+01
0.4526E+04   0.4000E+02   -.7878E+01
0.4525E+04   0.4033E+02   -.7879E+01
0.4524E+04   0.4067E+02   -.7879E+01
0.4523E+04   0.4100E+02   -.7879E+01
0.4522E+04   0.4133E+02   -.7879E+01
0.4521E+04   0.4167E+02   -.7879E+01
0.4520E+04   0.4200E+02   -.7879E+01
0.4519E+04   0.4233E+02   -.7879E+01
0.4518E+04   0.4267E+02   -.7879E+01
0.4517E+04   0.4300E+02   -.7879E+01
0.3841E+04   0.4333E+02   -.7879E+01
