0.8320E+03   0.2204E-15   0.0000E+00
0.1199E+04   0.4500E+00   0.0000E+00
0.1198E+04   0.9000E+00   0.0000E+00
0.1197E+04   0.1350E+01   0.0000E+00
0.1196E+04   0.1800E+01   0.0000E+00
0.1195E+04   0.2250E+01   0.0000E+00
0.1194E+04   0.2700E+01   0.0000E+00
0.1193E+04   0.3150E+01   0.0000E+00
0.1200E+04   0.3600E+01   0.0000E+00
0.2351E+04   0.3800E+01   0.0000E+00
0.2352E+04   0.4000E+01   -.3645E+01
0.1942E+05   0.4250E+01   -.3513E+01
0.1942E+05   0.4500E+01   -.3382E+01
0.1942E+05   0.4750E+01   -.3270E+01
0.1689E+05   0.5000E+01   -.3165E+01
0.1689E+05   0.5781E+01   -.2950E+01
0.1689E+05   0.6696E+01   -.2770E+01
0.1689E+05   0.7770E+01   -.2635E+01
0.1690E+05   0.9029E+01   -.2537E+01
0.1690E+05   0.1051E+02   -.2469E+01
0.1690E+05   0.1224E+02   -.2420E+01
0.1690E+05   0.1427E+02   -.2383E+01
0.1690E+05   0.1665E+02   -.2353E+01
0.1690E+05   0.1944E+02   -.2327E+01
0.1690E+05   0.2271E+02   -.2304E+01
0.1690E+05   0.2655E+02   -.2284E+01
0.1690E+05   0.3106E+02   -.2268E+01
0.1690E+05   0.3634E+02   -.2254E+01
0.1690E+05   0.4253E+02   -.2244E+01
0.1691E+05   0.4979E+02   -.2238E+01
0.1691E+05   0.5830E+02   -.2235E+01
0.1691E+05   0.6829E+02   -.2238E+01
0.1691E+05   0.8000E+02   -.2246E+01
