0.8320E+03   0.2204E-15   0.0000E+00
0.1199E+04   0.4500E+00   0.0000E+00
0.1198E+04   0.9000E+00   0.0000E+00
0.1197E+04   0.1350E+01   0.0000E+00
0.1196E+04   0.1800E+01   0.0000E+00
0.1195E+04   0.2250E+01   0.0000E+00
0.1194E+04   0.2700E+01   0.0000E+00
0.1193E+04   0.3150E+01   0.0000E+00
0.1200E+04   0.3600E+01   0.0000E+00
0.2351E+04   0.3800E+01   0.0000E+00
0.2352E+04   0.4000E+01   -.9376E-01
0.1942E+05   0.4250E+01   -.2222E+00
0.1942E+05   0.4500E+01   -.4045E+00
0.1942E+05   0.4750E+01   -.5632E+00
0.1689E+05   0.5000E+01   -.7441E+00
0.1689E+05   0.5781E+01   -.1032E+01
0.1689E+05   0.6696E+01   -.1299E+01
0.1689E+05   0.7770E+01   -.1502E+01
0.1690E+05   0.9029E+01   -.1652E+01
0.1690E+05   0.1051E+02   -.1763E+01
0.1690E+05   0.1224E+02   -.1846E+01
0.1690E+05   0.1427E+02   -.1912E+01
0.1690E+05   0.1665E+02   -.1967E+01
0.1690E+05   0.1944E+02   -.2015E+01
0.1690E+05   0.2271E+02   -.2056E+01
0.1690E+05   0.2655E+02   -.2090E+01
0.1690E+05   0.3106E+02   -.2119E+01
0.1690E+05   0.3634E+02   -.2143E+01
0.1690E+05   0.4253E+02   -.2162E+01
0.1691E+05   0.4979E+02   -.2177E+01
0.1691E+05   0.5830E+02   -.2188E+01
0.1691E+05   0.6829E+02   -.2196E+01
0.1691E+05   0.8000E+02   -.2197E+01
