0.2420E+05   -.8000E+02   -.2218E+01
0.2485E+05   -.6829E+02   -.2221E+01
0.2485E+05   -.5830E+02   -.2226E+01
0.2485E+05   -.4979E+02   -.2234E+01
0.2485E+05   -.4253E+02   -.2244E+01
0.2485E+05   -.3634E+02   -.2257E+01
0.2484E+05   -.3106E+02   -.2274E+01
0.2484E+05   -.2655E+02   -.2295E+01
0.2484E+05   -.2271E+02   -.2322E+01
0.2484E+05   -.1944E+02   -.2358E+01
0.2484E+05   -.1665E+02   -.2405E+01
0.2484E+05   -.1427E+02   -.2467E+01
0.2484E+05   -.1224E+02   -.2549E+01
0.2484E+05   -.1051E+02   -.2659E+01
0.2484E+05   -.9029E+01   -.2805E+01
0.2484E+05   -.7770E+01   -.3001E+01
0.2484E+05   -.6696E+01   -.3264E+01
0.2483E+05   -.5781E+01   -.3620E+01
0.1928E+05   -.5000E+01   -.4066E+01
0.1924E+05   -.4750E+01   -.4312E+01
0.1924E+05   -.4500E+01   -.4564E+01
0.1924E+05   -.4250E+01   -.4866E+01
0.4610E+03   -.4000E+01   -.5160E+01
0.4600E+03   -.3800E+01   0.0000E+00
0.4640E+03   -.3600E+01   0.0000E+00
0.8310E+03   -.3150E+01   0.0000E+00
0.8300E+03   -.2700E+01   0.0000E+00
0.8290E+03   -.2250E+01   0.0000E+00
0.8280E+03   -.1800E+01   0.0000E+00
0.8270E+03   -.1350E+01   0.0000E+00
0.8260E+03   -.9000E+00   0.0000E+00
0.8250E+03   -.4500E+00   0.0000E+00
0.8320E+03   -.6217E-14   0.0000E+00
0.1561E+04   0.4500E+00   0.0000E+00
0.1562E+04   0.9000E+00   0.0000E+00
0.1563E+04   0.1350E+01   0.0000E+00
0.1564E+04   0.1800E+01   0.0000E+00
0.1565E+04   0.2250E+01   0.0000E+00
0.1566E+04   0.2700E+01   0.0000E+00
0.1567E+04   0.3150E+01   0.0000E+00
0.1613E+04   0.3600E+01   0.0000E+00
0.3825E+04   0.3800E+01   0.0000E+00
0.3841E+04   0.4000E+01   -.7879E+01
0.1992E+05   0.4250E+01   -.7318E+01
0.1992E+05   0.4500E+01   -.6857E+01
0.1992E+05   0.4750E+01   -.6606E+01
0.1997E+05   0.5000E+01   -.6526E+01
