0.1392E+06   0.0000E+00   -.2210E+01
0.1392E+06   0.1322E+01   -.2211E+01
0.1392E+06   0.2500E+01   -.2213E+01
0.1392E+06   0.3550E+01   -.2217E+01
0.1392E+06   0.4486E+01   -.2223E+01
0.1392E+06   0.5320E+01   -.2230E+01
0.1392E+06   0.6064E+01   -.2239E+01
0.1392E+06   0.6727E+01   -.2251E+01
0.1392E+06   0.7318E+01   -.2262E+01
0.1392E+06   0.7845E+01   -.2269E+01
0.1392E+06   0.8315E+01   -.2259E+01
0.1392E+06   0.8733E+01   -.2229E+01
0.1392E+06   0.9107E+01   -.2134E+01
0.1392E+06   0.9439E+01   -.2108E+01
0.1392E+06   0.9736E+01   -.1934E+01
0.1286E+06   0.1000E+02   -.2637E+01
0.1286E+06   0.1033E+02   0.2819E+00
0.1286E+06   0.1067E+02   -.1695E+00
0.1286E+06   0.1100E+02   -.1055E-01
0.1286E+06   0.1133E+02   -.9170E-01
0.1286E+06   0.1167E+02   -.6733E-01
0.1286E+06   0.1200E+02   -.8135E-01
0.1286E+06   0.1233E+02   -.7925E-01
0.1286E+06   0.1267E+02   -.8256E-01
0.1286E+06   0.1300E+02   -.8309E-01
0.1286E+06   0.1333E+02   -.8430E-01
0.1286E+06   0.1367E+02   -.8492E-01
0.1286E+06   0.1400E+02   -.8554E-01
0.1286E+06   0.1433E+02   -.8599E-01
0.1286E+06   0.1467E+02   -.8638E-01
0.1286E+06   0.1500E+02   -.8669E-01
0.1286E+06   0.1533E+02   -.8696E-01
0.1286E+06   0.1567E+02   -.8717E-01
0.1286E+06   0.1600E+02   -.8736E-01
0.1286E+06   0.1633E+02   -.8752E-01
0.1286E+06   0.1667E+02   -.8765E-01
0.1286E+06   0.1700E+02   -.8777E-01
0.1286E+06   0.1733E+02   -.8787E-01
0.1286E+06   0.1767E+02   -.8796E-01
0.1286E+06   0.1800E+02   -.8804E-01
0.1286E+06   0.1833E+02   -.8811E-01
0.1286E+06   0.1867E+02   -.8818E-01
0.1286E+06   0.1900E+02   -.8823E-01
0.1286E+06   0.1933E+02   -.8828E-01
0.1286E+06   0.1967E+02   -.8833E-01
0.1286E+06   0.2000E+02   -.8837E-01
0.1286E+06   0.2033E+02   -.8841E-01
0.1286E+06   0.2067E+02   -.8845E-01
0.1286E+06   0.2100E+02   -.8848E-01
0.1286E+06   0.2133E+02   -.8851E-01
0.1286E+06   0.2167E+02   -.8854E-01
0.1286E+06   0.2200E+02   -.8857E-01
0.1286E+06   0.2233E+02   -.8859E-01
0.1286E+06   0.2267E+02   -.8862E-01
0.1286E+06   0.2300E+02   -.8864E-01
0.1286E+06   0.2333E+02   -.8867E-01
0.1286E+06   0.2367E+02   -.8867E-01
0.1286E+06   0.2400E+02   -.8877E-01
0.1286E+06   0.2433E+02   -.8868E-01
0.1286E+06   0.2467E+02   -.8897E-01
0.1286E+06   0.2500E+02   -.8905E-01
0.1085E+06   0.2533E+02   -.9136E-01
0.1085E+06   0.2544E+02   -.6931E-02
0.1085E+06   0.2556E+02   -.2039E-01
0.1085E+06   0.2567E+02   -.7088E-01
0.1087E+06   0.2578E+02   -.4731E-02
0.1087E+06   0.2589E+02   0.4714E-02
0.1013E+06   0.2600E+02   -.1736E-01
0.1015E+06   0.2610E+02   -.2308E-01
0.1020E+06   0.2618E+02   -.3099E-02
0.1020E+06   0.2626E+02   -.9506E-02
0.1020E+06   0.2633E+02   -.4464E-02
0.1020E+06   0.2644E+02   -.3610E-01
0.1020E+06   0.2656E+02   -.3208E-02
0.7428E+05   0.2667E+02   -.1129E-01
0.7448E+05   0.2678E+02   -.3208E-02
0.7449E+05   0.2689E+02   -.3610E-01
0.7448E+05   0.2700E+02   -.4465E-02
0.7448E+05   0.2708E+02   -.9509E-02
0.7448E+05   0.2716E+02   -.3101E-02
0.7390E+05   0.2723E+02   -.2309E-01
0.7371E+05   0.2733E+02   -.1736E-01
0.9286E+05   0.2744E+02   0.4717E-02
0.9286E+05   0.2756E+02   -.4736E-02
0.9186E+05   0.2767E+02   -.7093E-01
0.9195E+05   0.2778E+02   -.2041E-01
0.9194E+05   0.2789E+02   -.6946E-02
0.3119E+04   0.2800E+02   -.9142E-01
0.4561E+04   0.2833E+02   -.8918E-01
0.4560E+04   0.2867E+02   -.8908E-01
0.4559E+04   0.2900E+02   -.8883E-01
0.4558E+04   0.2933E+02   -.8893E-01
0.4557E+04   0.2967E+02   -.8886E-01
0.4556E+04   0.3000E+02   -.8888E-01
0.4555E+04   0.3033E+02   -.8887E-01
0.4554E+04   0.3067E+02   -.8888E-01
0.4553E+04   0.3100E+02   -.8888E-01
0.4552E+04   0.3133E+02   -.8888E-01
0.4551E+04   0.3167E+02   -.8888E-01
0.4550E+04   0.3200E+02   -.8889E-01
0.4549E+04   0.3233E+02   -.8889E-01
0.4548E+04   0.3267E+02   -.8889E-01
0.4547E+04   0.3300E+02   -.8889E-01
0.4546E+04   0.3333E+02   -.8890E-01
0.4545E+04   0.3367E+02   -.8890E-01
0.4544E+04   0.3400E+02   -.8890E-01
0.4543E+04   0.3433E+02   -.8890E-01
0.4542E+04   0.3467E+02   -.8891E-01
0.4541E+04   0.3500E+02   -.8891E-01
0.4540E+04   0.3533E+02   -.8891E-01
0.4539E+04   0.3567E+02   -.8891E-01
0.4538E+04   0.3600E+02   -.8892E-01
0.4537E+04   0.3633E+02   -.8892E-01
0.4536E+04   0.3667E+02   -.8892E-01
0.4535E+04   0.3700E+02   -.8892E-01
0.4534E+04   0.3733E+02   -.8892E-01
0.4533E+04   0.3767E+02   -.8892E-01
0.4532E+04   0.3800E+02   -.8892E-01
0.4531E+04   0.3833E+02   -.8893E-01
0.4530E+04   0.3867E+02   -.8893E-01
0.4529E+04   0.3900E+02   -.8893E-01
0.4528E+04   0.3933E+02   -.8893E-01
0.4527E+04   0.3967E+02   -.8893E-01
0.4526E+04   0.4000E+02   -.8893E-01
0.4525E+04   0.4033E+02   -.8893E-01
0.4524E+04   0.4067E+02   -.8893E-01
0.4523E+04   0.4100E+02   -.8893E-01
0.4522E+04   0.4133E+02   -.8893E-01
0.4521E+04   0.4167E+02   -.8893E-01
0.4520E+04   0.4200E+02   -.8893E-01
0.4519E+04   0.4233E+02   -.8893E-01
0.4518E+04   0.4267E+02   -.8893E-01
0.4517E+04   0.4300E+02   -.8893E-01
0.3841E+04   0.4333E+02   -.8893E-01
