0.2420E+05   -.8000E+02   -.2200E+01
0.2485E+05   -.6829E+02   -.2199E+01
0.2485E+05   -.5830E+02   -.2197E+01
0.2485E+05   -.4979E+02   -.2194E+01
0.2485E+05   -.4253E+02   -.2189E+01
0.2485E+05   -.3634E+02   -.2184E+01
0.2484E+05   -.3106E+02   -.2176E+01
0.2484E+05   -.2655E+02   -.2165E+01
0.2484E+05   -.2271E+02   -.2151E+01
0.2484E+05   -.1944E+02   -.2132E+01
0.2484E+05   -.1665E+02   -.2105E+01
0.2484E+05   -.1427E+02   -.2070E+01
0.2484E+05   -.1224E+02   -.2021E+01
0.2484E+05   -.1051E+02   -.1952E+01
0.2484E+05   -.9029E+01   -.1857E+01
0.2484E+05   -.7770E+01   -.1724E+01
0.2484E+05   -.6696E+01   -.1536E+01
0.2483E+05   -.5781E+01   -.1272E+01
0.1928E+05   -.5000E+01   -.9457E+00
0.1924E+05   -.4750E+01   -.7395E+00
0.1924E+05   -.4500E+01   -.5408E+00
0.1924E+05   -.4250E+01   -.3007E+00
0.4610E+03   -.4000E+01   -.1043E+00
0.4600E+03   -.3800E+01   0.0000E+00
0.4640E+03   -.3600E+01   0.0000E+00
0.8310E+03   -.3150E+01   0.0000E+00
0.8300E+03   -.2700E+01   0.0000E+00
0.8290E+03   -.2250E+01   0.0000E+00
0.8280E+03   -.1800E+01   0.0000E+00
0.8270E+03   -.1350E+01   0.0000E+00
0.8260E+03   -.9000E+00   0.0000E+00
0.8250E+03   -.4500E+00   0.0000E+00
0.8320E+03   -.6217E-14   0.0000E+00
0.1561E+04   0.4500E+00   0.0000E+00
0.1562E+04   0.9000E+00   0.0000E+00
0.1563E+04   0.1350E+01   0.0000E+00
0.1564E+04   0.1800E+01   0.0000E+00
0.1565E+04   0.2250E+01   0.0000E+00
0.1566E+04   0.2700E+01   0.0000E+00
0.1567E+04   0.3150E+01   0.0000E+00
0.1613E+04   0.3600E+01   0.0000E+00
0.3825E+04   0.3800E+01   0.0000E+00
0.3841E+04   0.4000E+01   -.8893E-01
0.1992E+05   0.4250E+01   -.3783E+00
0.1992E+05   0.4500E+01   -.6206E+00
0.1992E+05   0.4750E+01   -.7489E+00
0.1997E+05   0.5000E+01   -.7887E+00
