0.1240E+06   0.0000E+00   0.1978E-02
0.1241E+06   0.1322E+01   0.2367E-02
0.1241E+06   0.2500E+01   0.2926E-02
0.1241E+06   0.3550E+01   0.3723E-02
0.1241E+06   0.4486E+01   0.4840E-02
0.1241E+06   0.5320E+01   0.6409E-02
0.1241E+06   0.6064E+01   0.8622E-02
0.1241E+06   0.6727E+01   0.1181E-01
0.1241E+06   0.7318E+01   0.1645E-01
0.1241E+06   0.7845E+01   0.2336E-01
0.1241E+06   0.8315E+01   0.3329E-01
0.1241E+06   0.8733E+01   0.4791E-01
0.1240E+06   0.9107E+01   0.6598E-01
0.1240E+06   0.9439E+01   0.9088E-01
0.1240E+06   0.9736E+01   0.1058E+00
0.1140E+06   0.1000E+02   0.1465E+00
0.1140E+06   0.1033E+02   0.3926E+00
0.1140E+06   0.1067E+02   0.4549E+00
0.1140E+06   0.1100E+02   0.5008E+00
0.1140E+06   0.1133E+02   0.5249E+00
0.1140E+06   0.1167E+02   0.5429E+00
0.1141E+06   0.1200E+02   0.5549E+00
0.1141E+06   0.1233E+02   0.5640E+00
0.1141E+06   0.1267E+02   0.5709E+00
0.1141E+06   0.1300E+02   0.5763E+00
0.1141E+06   0.1333E+02   0.5806E+00
0.1141E+06   0.1367E+02   0.5841E+00
0.1141E+06   0.1400E+02   0.5869E+00
0.1141E+06   0.1433E+02   0.5893E+00
0.1141E+06   0.1467E+02   0.5913E+00
0.1141E+06   0.1500E+02   0.5930E+00
0.1141E+06   0.1533E+02   0.5945E+00
0.1141E+06   0.1567E+02   0.5957E+00
0.1141E+06   0.1600E+02   0.5968E+00
0.1141E+06   0.1633E+02   0.5977E+00
0.1141E+06   0.1667E+02   0.5986E+00
0.1141E+06   0.1700E+02   0.5993E+00
0.1141E+06   0.1733E+02   0.5999E+00
0.1141E+06   0.1767E+02   0.6005E+00
0.1141E+06   0.1800E+02   0.6010E+00
0.1141E+06   0.1833E+02   0.6015E+00
0.1141E+06   0.1867E+02   0.6019E+00
0.1141E+06   0.1900E+02   0.6023E+00
0.1141E+06   0.1933E+02   0.6026E+00
0.1141E+06   0.1967E+02   0.6029E+00
0.1141E+06   0.2000E+02   0.6032E+00
0.1141E+06   0.2033E+02   0.6035E+00
0.1141E+06   0.2067E+02   0.6037E+00
0.1141E+06   0.2100E+02   0.6039E+00
0.1141E+06   0.2133E+02   0.6042E+00
0.1141E+06   0.2167E+02   0.6043E+00
0.1141E+06   0.2200E+02   0.6045E+00
0.1141E+06   0.2233E+02   0.6047E+00
0.1141E+06   0.2267E+02   0.6049E+00
0.1141E+06   0.2300E+02   0.6050E+00
0.1141E+06   0.2333E+02   0.6052E+00
0.1141E+06   0.2367E+02   0.6053E+00
0.1141E+06   0.2400E+02   0.6054E+00
0.1141E+06   0.2433E+02   0.6055E+00
0.1141E+06   0.2467E+02   0.6057E+00
0.1141E+06   0.2500E+02   0.6059E+00
0.8818E+05   0.2533E+02   0.6065E+00
0.8833E+05   0.2550E+02   0.6065E+00
0.8833E+05   0.2567E+02   0.6069E+00
0.8848E+05   0.2583E+02   0.6071E+00
0.8848E+05   0.2600E+02   0.6072E+00
0.8857E+05   0.2617E+02   0.6073E+00
0.8857E+05   0.2633E+02   0.6074E+00
0.8866E+05   0.2650E+02   0.6074E+00
0.6917E+05   0.2667E+02   0.6074E+00
0.6929E+05   0.2683E+02   0.6074E+00
0.6922E+05   0.2700E+02   0.6075E+00
0.7058E+05   0.2717E+02   0.6075E+00
0.7052E+05   0.2733E+02   0.6075E+00
0.7173E+05   0.2750E+02   0.6075E+00
0.7096E+05   0.2767E+02   0.6073E+00
0.7100E+05   0.2783E+02   0.6070E+00
0.1645E+04   0.2800E+02   0.6071E+00
0.3087E+04   0.2833E+02   0.6066E+00
0.3086E+04   0.2867E+02   0.6066E+00
0.3085E+04   0.2900E+02   0.6066E+00
0.3084E+04   0.2933E+02   0.6066E+00
0.3083E+04   0.2967E+02   0.6066E+00
0.3082E+04   0.3000E+02   0.6067E+00
0.3081E+04   0.3033E+02   0.6067E+00
0.3080E+04   0.3067E+02   0.6067E+00
0.3079E+04   0.3100E+02   0.6068E+00
0.3078E+04   0.3133E+02   0.6068E+00
0.3077E+04   0.3167E+02   0.6068E+00
0.3076E+04   0.3200E+02   0.6068E+00
0.3075E+04   0.3233E+02   0.6069E+00
0.3074E+04   0.3267E+02   0.6069E+00
0.3073E+04   0.3300E+02   0.6069E+00
0.3072E+04   0.3333E+02   0.6069E+00
0.3071E+04   0.3367E+02   0.6069E+00
0.3070E+04   0.3400E+02   0.6070E+00
0.3069E+04   0.3433E+02   0.6070E+00
0.3068E+04   0.3467E+02   0.6070E+00
0.3067E+04   0.3500E+02   0.6070E+00
0.3066E+04   0.3533E+02   0.6070E+00
0.3065E+04   0.3567E+02   0.6070E+00
0.3064E+04   0.3600E+02   0.6071E+00
0.3063E+04   0.3633E+02   0.6071E+00
0.3062E+04   0.3667E+02   0.6071E+00
0.3061E+04   0.3700E+02   0.6071E+00
0.3060E+04   0.3733E+02   0.6071E+00
0.3059E+04   0.3767E+02   0.6071E+00
0.3058E+04   0.3800E+02   0.6071E+00
0.3057E+04   0.3833E+02   0.6071E+00
0.3056E+04   0.3867E+02   0.6071E+00
0.3055E+04   0.3900E+02   0.6071E+00
0.3054E+04   0.3933E+02   0.6071E+00
0.3053E+04   0.3967E+02   0.6071E+00
0.3052E+04   0.4000E+02   0.6071E+00
0.3051E+04   0.4033E+02   0.6071E+00
0.3050E+04   0.4067E+02   0.6072E+00
0.3049E+04   0.4100E+02   0.6072E+00
0.3048E+04   0.4133E+02   0.6072E+00
0.3047E+04   0.4167E+02   0.6072E+00
0.3046E+04   0.4200E+02   0.6072E+00
0.3045E+04   0.4233E+02   0.6072E+00
0.3044E+04   0.4267E+02   0.6072E+00
0.3043E+04   0.4300E+02   0.6072E+00
0.2352E+04   0.4333E+02   0.6072E+00
