0.8320E+03   0.2204E-15   0.0000E+00
0.1199E+04   0.4500E+00   0.9652E-01
0.1198E+04   0.9000E+00   0.9612E-01
0.1197E+04   0.1350E+01   0.9546E-01
0.1196E+04   0.1800E+01   0.9454E-01
0.1195E+04   0.2250E+01   0.9337E-01
0.1194E+04   0.2700E+01   0.9194E-01
0.1193E+04   0.3150E+01   0.9026E-01
0.1200E+04   0.3600E+01   0.8834E-01
0.2351E+04   0.3800E+01   0.8741E-01
0.2352E+04   0.4000E+01   0.8643E-01
0.1805E+05   0.4208E+01   0.8746E-01
0.1805E+05   0.4474E+01   0.8834E-01
0.1806E+05   0.4813E+01   0.8898E-01
0.1806E+05   0.5246E+01   0.8926E-01
0.1806E+05   0.5797E+01   0.8906E-01
0.1806E+05   0.6500E+01   0.8824E-01
0.1806E+05   0.7397E+01   0.8667E-01
0.1806E+05   0.8541E+01   0.8418E-01
0.1499E+05   0.1000E+02   0.8045E-01
0.1499E+05   0.1204E+02   0.7490E-01
0.1499E+05   0.1445E+02   0.6827E-01
0.1499E+05   0.1728E+02   0.6060E-01
0.1499E+05   0.2061E+02   0.5232E-01
0.1499E+05   0.2453E+02   0.4394E-01
0.1500E+05   0.2914E+02   0.3598E-01
0.1500E+05   0.3457E+02   0.2888E-01
0.1500E+05   0.4096E+02   0.2294E-01
0.1500E+05   0.4848E+02   0.1834E-01
0.1500E+05   0.5733E+02   0.1531E-01
0.1500E+05   0.6774E+02   0.1440E-01
0.1500E+05   0.8000E+02   0.1775E-01
