0.2282E+05   -.8000E+02   0.6290E-01
0.2337E+05   -.6774E+02   0.6756E-01
0.2337E+05   -.5733E+02   0.7282E-01
0.2337E+05   -.4848E+02   0.7966E-01
0.2337E+05   -.4096E+02   0.8837E-01
0.2337E+05   -.3457E+02   0.9913E-01
0.2337E+05   -.2914E+02   0.1121E+00
0.2337E+05   -.2453E+02   0.1276E+00
0.2337E+05   -.2061E+02   0.1460E+00
0.2336E+05   -.1728E+02   0.1678E+00
0.2336E+05   -.1445E+02   0.1937E+00
0.2336E+05   -.1204E+02   0.2247E+00
0.1769E+05   -.1000E+02   0.2621E+00
0.1765E+05   -.8541E+01   0.2993E+00
0.1764E+05   -.7397E+01   0.3386E+00
0.1764E+05   -.6500E+01   0.3789E+00
0.1764E+05   -.5797E+01   0.4193E+00
0.1764E+05   -.5246E+01   0.4586E+00
0.1764E+05   -.4813E+01   0.4960E+00
0.1764E+05   -.4474E+01   0.5305E+00
0.1764E+05   -.4208E+01   0.5616E+00
0.4610E+03   -.4000E+01   0.5890E+00
0.4600E+03   -.3800E+01   0.5640E+00
0.4640E+03   -.3600E+01   0.5390E+00
0.8310E+03   -.3150E+01   0.4829E+00
0.8300E+03   -.2700E+01   0.4271E+00
0.8290E+03   -.2250E+01   0.3714E+00
0.8280E+03   -.1800E+01   0.3160E+00
0.8270E+03   -.1350E+01   0.2608E+00
0.8260E+03   -.9000E+00   0.2058E+00
0.8250E+03   -.4500E+00   0.1511E+00
0.8320E+03   -.6217E-14   -.9665E-01
0.1561E+04   0.4500E+00   -.4251E-01
0.1562E+04   0.9000E+00   0.1132E-01
0.1563E+04   0.1350E+01   0.6483E-01
0.1564E+04   0.1800E+01   0.1180E+00
0.1565E+04   0.2250E+01   0.1707E+00
0.1566E+04   0.2700E+01   0.2231E+00
0.1567E+04   0.3150E+01   0.2749E+00
0.1613E+04   0.3600E+01   0.3263E+00
0.3825E+04   0.3800E+01   0.3490E+00
0.3841E+04   0.4000E+01   0.3715E+00
0.1878E+05   0.4208E+01   0.3434E+00
0.1878E+05   0.4474E+01   0.3116E+00
0.1878E+05   0.4813E+01   0.2764E+00
0.1878E+05   0.5246E+01   0.2380E+00
0.1878E+05   0.5797E+01   0.1969E+00
0.1879E+05   0.6500E+01   0.1533E+00
0.1879E+05   0.7397E+01   0.1072E+00
0.1879E+05   0.8541E+01   0.5730E-01
0.1883E+05   0.1000E+02   0.0000E+00
