0.8320E+03   0.2204E-15   -.9665E-01
0.1199E+04   0.4500E+00   0.6854E-01
0.1198E+04   0.9000E+00   0.1371E+00
0.1197E+04   0.1350E+01   0.2055E+00
0.1196E+04   0.1800E+01   0.2740E+00
0.1195E+04   0.2250E+01   0.3423E+00
0.1194E+04   0.2700E+01   0.4106E+00
0.1193E+04   0.3150E+01   0.4788E+00
0.1200E+04   0.3600E+01   0.5468E+00
0.2351E+04   0.3800E+01   0.5770E+00
0.2352E+04   0.4000E+01   0.6072E+00
0.1805E+05   0.4208E+01   0.5811E+00
0.1805E+05   0.4474E+01   0.5513E+00
0.1806E+05   0.4813E+01   0.5178E+00
0.1806E+05   0.5246E+01   0.4812E+00
0.1806E+05   0.5797E+01   0.4424E+00
0.1806E+05   0.6500E+01   0.4025E+00
0.1806E+05   0.7397E+01   0.3628E+00
0.1806E+05   0.8541E+01   0.3246E+00
0.1499E+05   0.1000E+02   0.2893E+00
0.1499E+05   0.1204E+02   0.2544E+00
0.1499E+05   0.1445E+02   0.2264E+00
0.1499E+05   0.1728E+02   0.2033E+00
0.1499E+05   0.2061E+02   0.1836E+00
0.1499E+05   0.2453E+02   0.1662E+00
0.1500E+05   0.2914E+02   0.1506E+00
0.1500E+05   0.3457E+02   0.1366E+00
0.1500E+05   0.4096E+02   0.1243E+00
0.1500E+05   0.4848E+02   0.1138E+00
0.1500E+05   0.5733E+02   0.1052E+00
0.1500E+05   0.6774E+02   0.9806E-01
0.1500E+05   0.8000E+02   0.9110E-01
