0.1240E+06   0.0000E+00   -.2211E+01
0.1241E+06   0.1322E+01   -.2212E+01
0.1241E+06   0.2500E+01   -.2214E+01
0.1241E+06   0.3550E+01   -.2217E+01
0.1241E+06   0.4486E+01   -.2221E+01
0.1241E+06   0.5320E+01   -.2226E+01
0.1241E+06   0.6064E+01   -.2233E+01
0.1241E+06   0.6727E+01   -.2242E+01
0.1241E+06   0.7318E+01   -.2257E+01
0.1241E+06   0.7845E+01   -.2277E+01
0.1241E+06   0.8315E+01   -.2312E+01
0.1241E+06   0.8733E+01   -.2350E+01
0.1240E+06   0.9107E+01   -.2446E+01
0.1240E+06   0.9439E+01   -.2458E+01
0.1240E+06   0.9736E+01   -.2962E+01
0.1140E+06   0.1000E+02   -.2633E+01
0.1140E+06   0.1033E+02   -.3873E+01
0.1140E+06   0.1067E+02   -.3454E+01
0.1140E+06   0.1100E+02   -.3866E+01
0.1140E+06   0.1133E+02   -.3860E+01
0.1140E+06   0.1167E+02   -.3956E+01
0.1141E+06   0.1200E+02   -.3975E+01
0.1141E+06   0.1233E+02   -.4004E+01
0.1141E+06   0.1267E+02   -.4017E+01
0.1141E+06   0.1300E+02   -.4028E+01
0.1141E+06   0.1333E+02   -.4036E+01
0.1141E+06   0.1367E+02   -.4042E+01
0.1141E+06   0.1400E+02   -.4046E+01
0.1141E+06   0.1433E+02   -.4050E+01
0.1141E+06   0.1467E+02   -.4054E+01
0.1141E+06   0.1500E+02   -.4057E+01
0.1141E+06   0.1533E+02   -.4060E+01
0.1141E+06   0.1567E+02   -.4062E+01
0.1141E+06   0.1600E+02   -.4064E+01
0.1141E+06   0.1633E+02   -.4066E+01
0.1141E+06   0.1667E+02   -.4068E+01
0.1141E+06   0.1700E+02   -.4070E+01
0.1141E+06   0.1733E+02   -.4072E+01
0.1141E+06   0.1767E+02   -.4073E+01
0.1141E+06   0.1800E+02   -.4074E+01
0.1141E+06   0.1833E+02   -.4076E+01
0.1141E+06   0.1867E+02   -.4077E+01
0.1141E+06   0.1900E+02   -.4078E+01
0.1141E+06   0.1933E+02   -.4079E+01
0.1141E+06   0.1967E+02   -.4080E+01
0.1141E+06   0.2000E+02   -.4080E+01
0.1141E+06   0.2033E+02   -.4081E+01
0.1141E+06   0.2067E+02   -.4082E+01
0.1141E+06   0.2100E+02   -.4082E+01
0.1141E+06   0.2133E+02   -.4083E+01
0.1141E+06   0.2167E+02   -.4084E+01
0.1141E+06   0.2200E+02   -.4084E+01
0.1141E+06   0.2233E+02   -.4085E+01
0.1141E+06   0.2267E+02   -.4085E+01
0.1141E+06   0.2300E+02   -.4086E+01
0.1141E+06   0.2333E+02   -.4086E+01
0.1141E+06   0.2367E+02   -.4086E+01
0.1141E+06   0.2400E+02   -.4087E+01
0.1141E+06   0.2433E+02   -.4087E+01
0.1141E+06   0.2467E+02   -.4088E+01
0.1141E+06   0.2500E+02   -.4088E+01
0.8818E+05   0.2533E+02   -.4143E+01
0.8833E+05   0.2550E+02   -.4122E+01
0.8833E+05   0.2567E+02   -.4120E+01
0.8848E+05   0.2583E+02   -.4124E+01
0.8848E+05   0.2600E+02   -.4123E+01
0.8857E+05   0.2617E+02   -.4126E+01
0.8857E+05   0.2633E+02   -.4124E+01
0.8866E+05   0.2650E+02   -.4129E+01
0.6917E+05   0.2667E+02   -.4125E+01
0.6929E+05   0.2683E+02   -.4130E+01
0.6922E+05   0.2700E+02   -.4124E+01
0.7058E+05   0.2717E+02   -.4127E+01
0.7052E+05   0.2733E+02   -.4123E+01
0.7173E+05   0.2750E+02   -.4126E+01
0.7096E+05   0.2767E+02   -.4121E+01
0.7100E+05   0.2783E+02   -.4123E+01
0.1645E+04   0.2800E+02   -.4145E+01
0.3087E+04   0.2833E+02   -.4091E+01
0.3086E+04   0.2867E+02   -.4091E+01
0.3085E+04   0.2900E+02   -.4090E+01
0.3084E+04   0.2933E+02   -.4091E+01
0.3083E+04   0.2967E+02   -.4091E+01
0.3082E+04   0.3000E+02   -.4091E+01
0.3081E+04   0.3033E+02   -.4091E+01
0.3080E+04   0.3067E+02   -.4091E+01
0.3079E+04   0.3100E+02   -.4091E+01
0.3078E+04   0.3133E+02   -.4091E+01
0.3077E+04   0.3167E+02   -.4092E+01
0.3076E+04   0.3200E+02   -.4092E+01
0.3075E+04   0.3233E+02   -.4092E+01
0.3074E+04   0.3267E+02   -.4092E+01
0.3073E+04   0.3300E+02   -.4092E+01
0.3072E+04   0.3333E+02   -.4092E+01
0.3071E+04   0.3367E+02   -.4092E+01
0.3070E+04   0.3400E+02   -.4092E+01
0.3069E+04   0.3433E+02   -.4092E+01
0.3068E+04   0.3467E+02   -.4092E+01
0.3067E+04   0.3500E+02   -.4092E+01
0.3066E+04   0.3533E+02   -.4092E+01
0.3065E+04   0.3567E+02   -.4093E+01
0.3064E+04   0.3600E+02   -.4093E+01
0.3063E+04   0.3633E+02   -.4093E+01
0.3062E+04   0.3667E+02   -.4093E+01
0.3061E+04   0.3700E+02   -.4093E+01
0.3060E+04   0.3733E+02   -.4093E+01
0.3059E+04   0.3767E+02   -.4093E+01
0.3058E+04   0.3800E+02   -.4093E+01
0.3057E+04   0.3833E+02   -.4093E+01
0.3056E+04   0.3867E+02   -.4093E+01
0.3055E+04   0.3900E+02   -.4093E+01
0.3054E+04   0.3933E+02   -.4093E+01
0.3053E+04   0.3967E+02   -.4093E+01
0.3052E+04   0.4000E+02   -.4093E+01
0.3051E+04   0.4033E+02   -.4093E+01
0.3050E+04   0.4067E+02   -.4093E+01
0.3049E+04   0.4100E+02   -.4093E+01
0.3048E+04   0.4133E+02   -.4093E+01
0.3047E+04   0.4167E+02   -.4093E+01
0.3046E+04   0.4200E+02   -.4093E+01
0.3045E+04   0.4233E+02   -.4093E+01
0.3044E+04   0.4267E+02   -.4093E+01
0.3043E+04   0.4300E+02   -.4093E+01
0.2352E+04   0.4333E+02   -.4093E+01
