0.2282E+05   -.8000E+02   -.2199E+01
0.2337E+05   -.6774E+02   -.2198E+01
0.2337E+05   -.5733E+02   -.2195E+01
0.2337E+05   -.4848E+02   -.2190E+01
0.2337E+05   -.4096E+02   -.2183E+01
0.2337E+05   -.3457E+02   -.2173E+01
0.2337E+05   -.2914E+02   -.2160E+01
0.2337E+05   -.2453E+02   -.2142E+01
0.2337E+05   -.2061E+02   -.2118E+01
0.2336E+05   -.1728E+02   -.2083E+01
0.2336E+05   -.1445E+02   -.2034E+01
0.2336E+05   -.1204E+02   -.1963E+01
0.1769E+05   -.1000E+02   -.1863E+01
0.1765E+05   -.8541E+01   -.1738E+01
0.1764E+05   -.7397E+01   -.1584E+01
0.1764E+05   -.6500E+01   -.1401E+01
0.1764E+05   -.5797E+01   -.1191E+01
0.1764E+05   -.5246E+01   -.9600E+00
0.1764E+05   -.4813E+01   -.7174E+00
0.1764E+05   -.4474E+01   -.4723E+00
0.1764E+05   -.4208E+01   -.2340E+00
0.4610E+03   -.4000E+01   -.7909E-01
0.4600E+03   -.3800E+01   0.0000E+00
0.4640E+03   -.3600E+01   0.0000E+00
0.8310E+03   -.3150E+01   0.0000E+00
0.8300E+03   -.2700E+01   0.0000E+00
0.8290E+03   -.2250E+01   0.0000E+00
0.8280E+03   -.1800E+01   0.0000E+00
0.8270E+03   -.1350E+01   0.0000E+00
0.8260E+03   -.9000E+00   0.0000E+00
0.8250E+03   -.4500E+00   0.0000E+00
0.8320E+03   -.6217E-14   0.0000E+00
0.1561E+04   0.4500E+00   0.0000E+00
0.1562E+04   0.9000E+00   0.0000E+00
0.1563E+04   0.1350E+01   0.0000E+00
0.1564E+04   0.1800E+01   0.0000E+00
0.1565E+04   0.2250E+01   0.0000E+00
0.1566E+04   0.2700E+01   0.0000E+00
0.1567E+04   0.3150E+01   0.0000E+00
0.1613E+04   0.3600E+01   0.0000E+00
0.3825E+04   0.3800E+01   0.0000E+00
0.3841E+04   0.4000E+01   -.7588E-01
0.1878E+05   0.4208E+01   -.2407E+00
0.1878E+05   0.4474E+01   -.4807E+00
0.1878E+05   0.4813E+01   -.7188E+00
0.1878E+05   0.5246E+01   -.9458E+00
0.1878E+05   0.5797E+01   -.1153E+01
0.1879E+05   0.6500E+01   -.1332E+01
0.1879E+05   0.7397E+01   -.1475E+01
0.1879E+05   0.8541E+01   -.1571E+01
0.1883E+05   0.1000E+02   -.1607E+01
