0.8320E+03   0.2204E-15   0.0000E+00
0.1199E+04   0.4500E+00   0.0000E+00
0.1198E+04   0.9000E+00   0.0000E+00
0.1197E+04   0.1350E+01   0.0000E+00
0.1196E+04   0.1800E+01   0.0000E+00
0.1195E+04   0.2250E+01   0.0000E+00
0.1194E+04   0.2700E+01   0.0000E+00
0.1193E+04   0.3150E+01   0.0000E+00
0.1200E+04   0.3600E+01   0.0000E+00
0.2351E+04   0.3800E+01   0.0000E+00
0.2352E+04   0.4000E+01   -.4093E+01
0.1805E+05   0.4208E+01   -.3943E+01
0.1805E+05   0.4474E+01   -.3751E+01
0.1806E+05   0.4813E+01   -.3548E+01
0.1806E+05   0.5246E+01   -.3339E+01
0.1806E+05   0.5797E+01   -.3135E+01
0.1806E+05   0.6500E+01   -.2943E+01
0.1806E+05   0.7397E+01   -.2771E+01
0.1806E+05   0.8541E+01   -.2626E+01
0.1499E+05   0.1000E+02   -.2508E+01
0.1499E+05   0.1204E+02   -.2415E+01
0.1499E+05   0.1445E+02   -.2353E+01
0.1499E+05   0.1728E+02   -.2313E+01
0.1499E+05   0.2061E+02   -.2287E+01
0.1499E+05   0.2453E+02   -.2269E+01
0.1500E+05   0.2914E+02   -.2256E+01
0.1500E+05   0.3457E+02   -.2246E+01
0.1500E+05   0.4096E+02   -.2239E+01
0.1500E+05   0.4848E+02   -.2233E+01
0.1500E+05   0.5733E+02   -.2230E+01
0.1500E+05   0.6774E+02   -.2230E+01
0.1500E+05   0.8000E+02   -.2234E+01
