0.1240E+06   0.0000E+00   -.2213E+01
0.1241E+06   0.1322E+01   -.2215E+01
0.1241E+06   0.2500E+01   -.2217E+01
0.1241E+06   0.3550E+01   -.2221E+01
0.1241E+06   0.4486E+01   -.2227E+01
0.1241E+06   0.5320E+01   -.2234E+01
0.1241E+06   0.6064E+01   -.2243E+01
0.1241E+06   0.6727E+01   -.2254E+01
0.1241E+06   0.7318E+01   -.2268E+01
0.1241E+06   0.7845E+01   -.2284E+01
0.1241E+06   0.8315E+01   -.2292E+01
0.1241E+06   0.8733E+01   -.2301E+01
0.1240E+06   0.9107E+01   -.2254E+01
0.1240E+06   0.9439E+01   -.2300E+01
0.1240E+06   0.9736E+01   -.2164E+01
0.1140E+06   0.1000E+02   -.3295E+01
0.1140E+06   0.1033E+02   0.3608E+00
0.1140E+06   0.1067E+02   -.2591E+00
0.1140E+06   0.1100E+02   0.3175E-02
0.1140E+06   0.1133E+02   -.1029E+00
0.1140E+06   0.1167E+02   -.6243E-01
0.1141E+06   0.1200E+02   -.7995E-01
0.1141E+06   0.1233E+02   -.7384E-01
0.1141E+06   0.1267E+02   -.7701E-01
0.1141E+06   0.1300E+02   -.7623E-01
0.1141E+06   0.1333E+02   -.7694E-01
0.1141E+06   0.1367E+02   -.7695E-01
0.1141E+06   0.1400E+02   -.7719E-01
0.1141E+06   0.1433E+02   -.7729E-01
0.1141E+06   0.1467E+02   -.7742E-01
0.1141E+06   0.1500E+02   -.7751E-01
0.1141E+06   0.1533E+02   -.7759E-01
0.1141E+06   0.1567E+02   -.7766E-01
0.1141E+06   0.1600E+02   -.7773E-01
0.1141E+06   0.1633E+02   -.7779E-01
0.1141E+06   0.1667E+02   -.7784E-01
0.1141E+06   0.1700E+02   -.7789E-01
0.1141E+06   0.1733E+02   -.7793E-01
0.1141E+06   0.1767E+02   -.7797E-01
0.1141E+06   0.1800E+02   -.7800E-01
0.1141E+06   0.1833E+02   -.7803E-01
0.1141E+06   0.1867E+02   -.7806E-01
0.1141E+06   0.1900E+02   -.7809E-01
0.1141E+06   0.1933E+02   -.7811E-01
0.1141E+06   0.1967E+02   -.7814E-01
0.1141E+06   0.2000E+02   -.7816E-01
0.1141E+06   0.2033E+02   -.7818E-01
0.1141E+06   0.2067E+02   -.7819E-01
0.1141E+06   0.2100E+02   -.7821E-01
0.1141E+06   0.2133E+02   -.7823E-01
0.1141E+06   0.2167E+02   -.7824E-01
0.1141E+06   0.2200E+02   -.7825E-01
0.1141E+06   0.2233E+02   -.7827E-01
0.1141E+06   0.2267E+02   -.7828E-01
0.1141E+06   0.2300E+02   -.7829E-01
0.1141E+06   0.2333E+02   -.7830E-01
0.1141E+06   0.2367E+02   -.7831E-01
0.1141E+06   0.2400E+02   -.7831E-01
0.1141E+06   0.2433E+02   -.7837E-01
0.1141E+06   0.2467E+02   -.7830E-01
0.1141E+06   0.2500E+02   -.7844E-01
0.8818E+05   0.2533E+02   -.1258E+00
0.8833E+05   0.2550E+02   -.5752E-02
0.8833E+05   0.2567E+02   -.2824E-02
0.8848E+05   0.2583E+02   -.7360E-02
0.8848E+05   0.2600E+02   -.1629E-02
0.8857E+05   0.2617E+02   -.7389E-02
0.8857E+05   0.2633E+02   -.4622E-02
0.8866E+05   0.2650E+02   -.4581E-02
0.6917E+05   0.2667E+02   0.2541E-02
0.6929E+05   0.2683E+02   -.4581E-02
0.6922E+05   0.2700E+02   -.4622E-02
0.7058E+05   0.2717E+02   -.7390E-02
0.7052E+05   0.2733E+02   -.1626E-02
0.7173E+05   0.2750E+02   -.7362E-02
0.7096E+05   0.2767E+02   -.2824E-02
0.7100E+05   0.2783E+02   -.5759E-02
0.1645E+04   0.2800E+02   -.1259E+00
0.3087E+04   0.2833E+02   -.7850E-01
0.3086E+04   0.2867E+02   -.7836E-01
0.3085E+04   0.2900E+02   -.7845E-01
0.3084E+04   0.2933E+02   -.7841E-01
0.3083E+04   0.2967E+02   -.7842E-01
0.3082E+04   0.3000E+02   -.7842E-01
0.3081E+04   0.3033E+02   -.7842E-01
0.3080E+04   0.3067E+02   -.7842E-01
0.3079E+04   0.3100E+02   -.7842E-01
0.3078E+04   0.3133E+02   -.7843E-01
0.3077E+04   0.3167E+02   -.7843E-01
0.3076E+04   0.3200E+02   -.7843E-01
0.3075E+04   0.3233E+02   -.7843E-01
0.3074E+04   0.3267E+02   -.7844E-01
0.3073E+04   0.3300E+02   -.7844E-01
0.3072E+04   0.3333E+02   -.7844E-01
0.3071E+04   0.3367E+02   -.7844E-01
0.3070E+04   0.3400E+02   -.7844E-01
0.3069E+04   0.3433E+02   -.7844E-01
0.3068E+04   0.3467E+02   -.7844E-01
0.3067E+04   0.3500E+02   -.7845E-01
0.3066E+04   0.3533E+02   -.7845E-01
0.3065E+04   0.3567E+02   -.7845E-01
0.3064E+04   0.3600E+02   -.7845E-01
0.3063E+04   0.3633E+02   -.7845E-01
0.3062E+04   0.3667E+02   -.7845E-01
0.3061E+04   0.3700E+02   -.7845E-01
0.3060E+04   0.3733E+02   -.7845E-01
0.3059E+04   0.3767E+02   -.7845E-01
0.3058E+04   0.3800E+02   -.7845E-01
0.3057E+04   0.3833E+02   -.7846E-01
0.3056E+04   0.3867E+02   -.7846E-01
0.3055E+04   0.3900E+02   -.7846E-01
0.3054E+04   0.3933E+02   -.7846E-01
0.3053E+04   0.3967E+02   -.7846E-01
0.3052E+04   0.4000E+02   -.7846E-01
0.3051E+04   0.4033E+02   -.7846E-01
0.3050E+04   0.4067E+02   -.7846E-01
0.3049E+04   0.4100E+02   -.7846E-01
0.3048E+04   0.4133E+02   -.7846E-01
0.3047E+04   0.4167E+02   -.7846E-01
0.3046E+04   0.4200E+02   -.7846E-01
0.3045E+04   0.4233E+02   -.7846E-01
0.3044E+04   0.4267E+02   -.7846E-01
0.3043E+04   0.4300E+02   -.7846E-01
0.2352E+04   0.4333E+02   -.7846E-01
