0.1240E+06   0.0000E+00   -.2212E+01
0.1240E+06   0.1322E+01   -.2213E+01
0.1240E+06   0.2500E+01   -.2215E+01
0.1240E+06   0.3550E+01   -.2218E+01
0.1240E+06   0.4486E+01   -.2222E+01
0.1240E+06   0.5320E+01   -.2227E+01
0.1240E+06   0.6064E+01   -.2233E+01
0.1240E+06   0.6727E+01   -.2240E+01
0.1240E+06   0.7318E+01   -.2249E+01
0.1240E+06   0.7845E+01   -.2257E+01
0.1240E+06   0.8315E+01   -.2256E+01
0.1240E+06   0.8733E+01   -.2252E+01
0.1240E+06   0.9107E+01   -.2191E+01
0.1240E+06   0.9439E+01   -.2209E+01
0.1240E+06   0.9736E+01   -.2045E+01
0.1134E+06   0.1000E+02   -.3068E+01
0.1133E+06   0.1033E+02   0.3373E+00
0.1133E+06   0.1067E+02   -.2424E+00
0.1133E+06   0.1100E+02   0.5463E-03
0.1133E+06   0.1133E+02   -.9740E-01
0.1133E+06   0.1167E+02   -.5993E-01
0.1133E+06   0.1200E+02   -.7606E-01
0.1133E+06   0.1233E+02   -.7049E-01
0.1133E+06   0.1267E+02   -.7351E-01
0.1133E+06   0.1300E+02   -.7293E-01
0.1133E+06   0.1333E+02   -.7371E-01
0.1133E+06   0.1367E+02   -.7385E-01
0.1133E+06   0.1400E+02   -.7418E-01
0.1133E+06   0.1433E+02   -.7437E-01
0.1133E+06   0.1467E+02   -.7456E-01
0.1133E+06   0.1500E+02   -.7471E-01
0.1133E+06   0.1533E+02   -.7484E-01
0.1133E+06   0.1567E+02   -.7495E-01
0.1133E+06   0.1600E+02   -.7504E-01
0.1133E+06   0.1633E+02   -.7512E-01
0.1133E+06   0.1667E+02   -.7519E-01
0.1133E+06   0.1700E+02   -.7525E-01
0.1133E+06   0.1733E+02   -.7530E-01
0.1133E+06   0.1767E+02   -.7535E-01
0.1133E+06   0.1800E+02   -.7539E-01
0.1133E+06   0.1833E+02   -.7543E-01
0.1133E+06   0.1867E+02   -.7546E-01
0.1133E+06   0.1900E+02   -.7549E-01
0.1133E+06   0.1933E+02   -.7552E-01
0.1133E+06   0.1967E+02   -.7555E-01
0.1133E+06   0.2000E+02   -.7557E-01
0.1133E+06   0.2033E+02   -.7559E-01
0.1133E+06   0.2067E+02   -.7561E-01
0.1133E+06   0.2100E+02   -.7562E-01
0.1133E+06   0.2133E+02   -.7564E-01
0.1133E+06   0.2167E+02   -.7566E-01
0.1133E+06   0.2200E+02   -.7567E-01
0.1133E+06   0.2233E+02   -.7568E-01
0.1133E+06   0.2267E+02   -.7570E-01
0.1133E+06   0.2300E+02   -.7570E-01
0.1133E+06   0.2333E+02   -.7573E-01
0.1133E+06   0.2367E+02   -.7572E-01
0.1134E+06   0.2400E+02   -.7578E-01
0.1134E+06   0.2433E+02   -.7568E-01
0.1134E+06   0.2467E+02   -.7602E-01
0.1134E+06   0.2500E+02   -.7528E-01
0.9502E+05   0.2533E+02   -.1164E+00
0.9503E+05   0.2550E+02   -.5025E-02
0.9503E+05   0.2567E+02   -.1514E-01
0.9519E+05   0.2583E+02   -.5590E-02
0.9456E+05   0.2600E+02   -.7375E-02
0.1037E+06   0.2610E+02   -.1080E-01
0.1037E+06   0.2622E+02   -.8765E-02
0.1037E+06   0.2633E+02   -.1005E-01
0.1037E+06   0.2650E+02   -.1221E-01
0.6400E+05   0.2667E+02   -.2836E-02
0.6405E+05   0.2683E+02   -.1221E-01
0.6405E+05   0.2700E+02   -.1005E-01
0.6405E+05   0.2712E+02   -.8767E-02
0.6404E+05   0.2723E+02   -.1080E-01
0.6472E+05   0.2733E+02   -.7378E-02
0.7172E+05   0.2750E+02   -.5593E-02
0.7095E+05   0.2767E+02   -.1514E-01
0.7102E+05   0.2783E+02   -.5034E-02
0.3119E+04   0.2800E+02   -.1164E+00
0.4561E+04   0.2833E+02   -.7535E-01
0.4560E+04   0.2867E+02   -.7608E-01
0.4559E+04   0.2900E+02   -.7576E-01
0.4558E+04   0.2933E+02   -.7587E-01
0.4557E+04   0.2967E+02   -.7582E-01
0.4556E+04   0.3000E+02   -.7584E-01
0.4555E+04   0.3033E+02   -.7583E-01
0.4554E+04   0.3067E+02   -.7584E-01
0.4553E+04   0.3100E+02   -.7584E-01
0.4552E+04   0.3133E+02   -.7584E-01
0.4551E+04   0.3167E+02   -.7585E-01
0.4550E+04   0.3200E+02   -.7585E-01
0.4549E+04   0.3233E+02   -.7585E-01
0.4548E+04   0.3267E+02   -.7585E-01
0.4547E+04   0.3300E+02   -.7585E-01
0.4546E+04   0.3333E+02   -.7585E-01
0.4545E+04   0.3367E+02   -.7586E-01
0.4544E+04   0.3400E+02   -.7586E-01
0.4543E+04   0.3433E+02   -.7586E-01
0.4542E+04   0.3467E+02   -.7586E-01
0.4541E+04   0.3500E+02   -.7586E-01
0.4540E+04   0.3533E+02   -.7586E-01
0.4539E+04   0.3567E+02   -.7586E-01
0.4538E+04   0.3600E+02   -.7587E-01
0.4537E+04   0.3633E+02   -.7587E-01
0.4536E+04   0.3667E+02   -.7587E-01
0.4535E+04   0.3700E+02   -.7587E-01
0.4534E+04   0.3733E+02   -.7587E-01
0.4533E+04   0.3767E+02   -.7587E-01
0.4532E+04   0.3800E+02   -.7587E-01
0.4531E+04   0.3833E+02   -.7587E-01
0.4530E+04   0.3867E+02   -.7587E-01
0.4529E+04   0.3900E+02   -.7587E-01
0.4528E+04   0.3933E+02   -.7587E-01
0.4527E+04   0.3967E+02   -.7587E-01
0.4526E+04   0.4000E+02   -.7587E-01
0.4525E+04   0.4033E+02   -.7588E-01
0.4524E+04   0.4067E+02   -.7588E-01
0.4523E+04   0.4100E+02   -.7588E-01
0.4522E+04   0.4133E+02   -.7588E-01
0.4521E+04   0.4167E+02   -.7588E-01
0.4520E+04   0.4200E+02   -.7588E-01
0.4519E+04   0.4233E+02   -.7588E-01
0.4518E+04   0.4267E+02   -.7588E-01
0.4517E+04   0.4300E+02   -.7588E-01
0.3841E+04   0.4333E+02   -.7588E-01
