0.2282E+05   -.8000E+02   -.2221E+01
0.2337E+05   -.6774E+02   -.2221E+01
0.2337E+05   -.5733E+02   -.2224E+01
0.2337E+05   -.4848E+02   -.2230E+01
0.2337E+05   -.4096E+02   -.2238E+01
0.2337E+05   -.3457E+02   -.2250E+01
0.2337E+05   -.2914E+02   -.2265E+01
0.2337E+05   -.2453E+02   -.2286E+01
0.2337E+05   -.2061E+02   -.2314E+01
0.2336E+05   -.1728E+02   -.2354E+01
0.2336E+05   -.1445E+02   -.2410E+01
0.2336E+05   -.1204E+02   -.2490E+01
0.1769E+05   -.1000E+02   -.2605E+01
0.1765E+05   -.8541E+01   -.2746E+01
0.1764E+05   -.7397E+01   -.2918E+01
0.1764E+05   -.6500E+01   -.3123E+01
0.1764E+05   -.5797E+01   -.3357E+01
0.1764E+05   -.5246E+01   -.3612E+01
0.1764E+05   -.4813E+01   -.3880E+01
0.1764E+05   -.4474E+01   -.4150E+01
0.1764E+05   -.4208E+01   -.4412E+01
0.4610E+03   -.4000E+01   -.4616E+01
0.4600E+03   -.3800E+01   0.0000E+00
0.4640E+03   -.3600E+01   0.0000E+00
0.8310E+03   -.3150E+01   0.0000E+00
0.8300E+03   -.2700E+01   0.0000E+00
0.8290E+03   -.2250E+01   0.0000E+00
0.8280E+03   -.1800E+01   0.0000E+00
0.8270E+03   -.1350E+01   0.0000E+00
0.8260E+03   -.9000E+00   0.0000E+00
0.8250E+03   -.4500E+00   0.0000E+00
0.8320E+03   -.6217E-14   0.0000E+00
0.1561E+04   0.4500E+00   0.0000E+00
0.1562E+04   0.9000E+00   0.0000E+00
0.1563E+04   0.1350E+01   0.0000E+00
0.1564E+04   0.1800E+01   0.0000E+00
0.1565E+04   0.2250E+01   0.0000E+00
0.1566E+04   0.2700E+01   0.0000E+00
0.1567E+04   0.3150E+01   0.0000E+00
0.1613E+04   0.3600E+01   0.0000E+00
0.3825E+04   0.3800E+01   0.0000E+00
0.3841E+04   0.4000E+01   -.4881E+01
0.1878E+05   0.4208E+01   -.4641E+01
0.1878E+05   0.4474E+01   -.4340E+01
0.1878E+05   0.4813E+01   -.4042E+01
0.1878E+05   0.5246E+01   -.3757E+01
0.1878E+05   0.5797E+01   -.3499E+01
0.1879E+05   0.6500E+01   -.3276E+01
0.1879E+05   0.7397E+01   -.3099E+01
0.1879E+05   0.8541E+01   -.2978E+01
0.1883E+05   0.1000E+02   -.2933E+01
