0.1968E+06   0.0000E+00   -.5056E-02
0.1968E+06   0.1322E+01   -.5454E-02
0.1968E+06   0.2500E+01   -.6165E-02
0.1968E+06   0.3550E+01   -.7083E-02
0.1968E+06   0.4486E+01   -.8093E-02
0.1968E+06   0.5320E+01   -.9028E-02
0.1968E+06   0.6064E+01   -.9649E-02
0.1968E+06   0.6727E+01   -.9567E-02
0.1968E+06   0.7318E+01   -.8254E-02
0.1968E+06   0.7845E+01   -.4812E-02
0.1968E+06   0.8315E+01   0.1575E-02
0.1968E+06   0.8733E+01   0.1257E-01
0.1968E+06   0.9107E+01   0.2703E-01
0.1968E+06   0.9439E+01   0.4809E-01
0.1968E+06   0.9736E+01   0.5946E-01
0.1864E+06   0.1000E+02   0.9379E-01
0.1863E+06   0.1033E+02   0.3230E+00
0.1863E+06   0.1067E+02   0.3765E+00
0.1863E+06   0.1100E+02   0.4143E+00
0.1863E+06   0.1133E+02   0.4313E+00
0.1863E+06   0.1167E+02   0.4428E+00
0.1863E+06   0.1200E+02   0.4488E+00
0.1863E+06   0.1233E+02   0.4525E+00
0.1863E+06   0.1267E+02   0.4544E+00
0.1863E+06   0.1300E+02   0.4553E+00
0.1863E+06   0.1333E+02   0.4556E+00
0.1863E+06   0.1367E+02   0.4554E+00
0.1863E+06   0.1400E+02   0.4550E+00
0.1863E+06   0.1433E+02   0.4545E+00
0.1863E+06   0.1467E+02   0.4539E+00
0.1863E+06   0.1500E+02   0.4534E+00
0.1863E+06   0.1533E+02   0.4528E+00
0.1863E+06   0.1567E+02   0.4522E+00
0.1863E+06   0.1600E+02   0.4517E+00
0.1863E+06   0.1633E+02   0.4513E+00
0.1863E+06   0.1667E+02   0.4509E+00
0.1864E+06   0.1700E+02   0.4505E+00
0.1864E+06   0.1733E+02   0.4501E+00
0.1864E+06   0.1767E+02   0.4498E+00
0.1864E+06   0.1800E+02   0.4496E+00
0.1864E+06   0.1833E+02   0.4493E+00
0.1864E+06   0.1867E+02   0.4491E+00
0.1864E+06   0.1900E+02   0.4489E+00
0.1864E+06   0.1933E+02   0.4487E+00
0.1864E+06   0.1967E+02   0.4485E+00
0.1864E+06   0.2000E+02   0.4484E+00
0.1864E+06   0.2033E+02   0.4483E+00
0.1864E+06   0.2067E+02   0.4481E+00
0.1864E+06   0.2100E+02   0.4480E+00
0.1864E+06   0.2133E+02   0.4479E+00
0.1864E+06   0.2167E+02   0.4478E+00
0.1864E+06   0.2200E+02   0.4478E+00
0.1864E+06   0.2233E+02   0.4477E+00
0.1864E+06   0.2267E+02   0.4476E+00
0.1864E+06   0.2300E+02   0.4476E+00
0.1864E+06   0.2333E+02   0.4475E+00
0.1864E+06   0.2367E+02   0.4475E+00
0.1864E+06   0.2400E+02   0.4475E+00
0.1864E+06   0.2433E+02   0.4475E+00
0.1441E+06   0.2467E+02   0.4478E+00
0.1441E+06   0.2478E+02   0.4476E+00
0.1441E+06   0.2489E+02   0.4478E+00
0.1441E+06   0.2500E+02   0.4480E+00
0.1443E+06   0.2511E+02   0.4479E+00
0.1443E+06   0.2522E+02   0.4480E+00
0.1443E+06   0.2533E+02   0.4481E+00
0.1444E+06   0.2544E+02   0.4480E+00
0.1444E+06   0.2556E+02   0.4480E+00
0.1444E+06   0.2567E+02   0.4480E+00
0.1445E+06   0.2578E+02   0.4480E+00
0.1445E+06   0.2589E+02   0.4480E+00
0.1431E+06   0.2600E+02   0.4480E+00
0.1694E+06   0.2610E+02   0.4480E+00
0.1695E+06   0.2622E+02   0.4480E+00
0.1695E+06   0.2633E+02   0.4480E+00
0.1695E+06   0.2644E+02   0.4480E+00
0.1695E+06   0.2656E+02   0.4480E+00
0.7138E+05   0.2667E+02   0.4479E+00
0.7144E+05   0.2678E+02   0.4480E+00
0.7144E+05   0.2689E+02   0.4479E+00
0.7143E+05   0.2700E+02   0.4479E+00
0.7144E+05   0.2712E+02   0.4479E+00
0.7143E+05   0.2723E+02   0.4479E+00
0.7223E+05   0.2733E+02   0.4479E+00
0.8638E+05   0.2744E+02   0.4479E+00
0.8639E+05   0.2756E+02   0.4479E+00
0.8633E+05   0.2767E+02   0.4478E+00
0.8687E+05   0.2778E+02   0.4478E+00
0.8687E+05   0.2789E+02   0.4478E+00
0.8680E+05   0.2800E+02   0.4479E+00
0.8810E+05   0.2811E+02   0.4478E+00
0.8810E+05   0.2822E+02   0.4477E+00
0.8727E+05   0.2833E+02   0.4477E+00
0.8734E+05   0.2844E+02   0.4475E+00
0.8734E+05   0.2856E+02   0.4472E+00
0.3005E+04   0.2867E+02   0.4475E+00
0.4385E+04   0.2900E+02   0.4471E+00
0.4384E+04   0.2933E+02   0.4470E+00
0.4383E+04   0.2967E+02   0.4469E+00
0.4382E+04   0.3000E+02   0.4469E+00
0.4381E+04   0.3033E+02   0.4469E+00
0.4380E+04   0.3067E+02   0.4469E+00
0.4379E+04   0.3100E+02   0.4468E+00
0.4378E+04   0.3133E+02   0.4468E+00
0.4377E+04   0.3167E+02   0.4468E+00
0.4376E+04   0.3200E+02   0.4468E+00
0.4375E+04   0.3233E+02   0.4468E+00
0.4374E+04   0.3267E+02   0.4468E+00
0.4373E+04   0.3300E+02   0.4468E+00
0.4372E+04   0.3333E+02   0.4468E+00
0.4371E+04   0.3367E+02   0.4468E+00
0.4370E+04   0.3400E+02   0.4468E+00
0.4369E+04   0.3433E+02   0.4468E+00
0.4368E+04   0.3467E+02   0.4468E+00
0.4367E+04   0.3500E+02   0.4468E+00
0.4366E+04   0.3533E+02   0.4468E+00
0.4365E+04   0.3567E+02   0.4467E+00
0.4364E+04   0.3600E+02   0.4467E+00
0.4363E+04   0.3633E+02   0.4467E+00
0.4362E+04   0.3667E+02   0.4467E+00
0.4361E+04   0.3700E+02   0.4467E+00
0.4360E+04   0.3733E+02   0.4467E+00
0.4359E+04   0.3767E+02   0.4467E+00
0.4358E+04   0.3800E+02   0.4467E+00
0.4357E+04   0.3833E+02   0.4467E+00
0.4356E+04   0.3867E+02   0.4467E+00
0.4355E+04   0.3900E+02   0.4467E+00
0.4354E+04   0.3933E+02   0.4467E+00
0.4353E+04   0.3967E+02   0.4467E+00
0.4352E+04   0.4000E+02   0.4467E+00
0.4351E+04   0.4033E+02   0.4467E+00
0.4350E+04   0.4067E+02   0.4467E+00
0.4349E+04   0.4100E+02   0.4467E+00
0.4348E+04   0.4133E+02   0.4467E+00
0.4347E+04   0.4167E+02   0.4467E+00
0.4346E+04   0.4200E+02   0.4467E+00
0.4345E+04   0.4233E+02   0.4467E+00
0.4344E+04   0.4267E+02   0.4467E+00
0.4343E+04   0.4300E+02   0.4467E+00
0.3697E+04   0.4333E+02   0.4467E+00
