0.8140E+03   0.2204E-15   -.6722E-01
0.1165E+04   0.4500E+00   0.6413E-01
0.1164E+04   0.9000E+00   0.1283E+00
0.1163E+04   0.1350E+01   0.1924E+00
0.1162E+04   0.1800E+01   0.2565E+00
0.1161E+04   0.2250E+01   0.3206E+00
0.1160E+04   0.2700E+01   0.3847E+00
0.1159E+04   0.3150E+01   0.4487E+00
0.1166E+04   0.3600E+01   0.5128E+00
0.2269E+04   0.3800E+01   0.5412E+00
0.2270E+04   0.4000E+01   0.5696E+00
0.1835E+05   0.4213E+01   0.5427E+00
0.1835E+05   0.4466E+01   0.5138E+00
0.1835E+05   0.4769E+01   0.4833E+00
0.1836E+05   0.5131E+01   0.4515E+00
0.1836E+05   0.5563E+01   0.4190E+00
0.1836E+05   0.6078E+01   0.3863E+00
0.1836E+05   0.6694E+01   0.3539E+00
0.1836E+05   0.7428E+01   0.3224E+00
0.1836E+05   0.8305E+01   0.2923E+00
0.1836E+05   0.9352E+01   0.2641E+00
0.1836E+05   0.1060E+02   0.2381E+00
0.1836E+05   0.1209E+02   0.2145E+00
0.1836E+05   0.1387E+02   0.1935E+00
0.1474E+05   0.1600E+02   0.1751E+00
0.1474E+05   0.1787E+02   0.1627E+00
0.1474E+05   0.2007E+02   0.1513E+00
0.1474E+05   0.2265E+02   0.1409E+00
0.1474E+05   0.2570E+02   0.1314E+00
0.1474E+05   0.2928E+02   0.1227E+00
0.1474E+05   0.3350E+02   0.1148E+00
0.1474E+05   0.3846E+02   0.1075E+00
0.1475E+05   0.4430E+02   0.1008E+00
0.1475E+05   0.5118E+02   0.9468E-01
0.1475E+05   0.5927E+02   0.8920E-01
0.1475E+05   0.6879E+02   0.8415E-01
0.1475E+05   0.8000E+02   0.7878E-01
