0.2325E+05   -.8000E+02   0.6724E-01
0.2378E+05   -.6879E+02   0.7123E-01
0.2378E+05   -.5927E+02   0.7549E-01
0.2378E+05   -.5118E+02   0.8077E-01
0.2378E+05   -.4430E+02   0.8722E-01
0.2378E+05   -.3846E+02   0.9485E-01
0.2378E+05   -.3350E+02   0.1036E+00
0.2378E+05   -.2928E+02   0.1136E+00
0.2377E+05   -.2570E+02   0.1246E+00
0.2377E+05   -.2265E+02   0.1367E+00
0.2377E+05   -.2007E+02   0.1497E+00
0.2377E+05   -.1787E+02   0.1637E+00
0.1779E+05   -.1600E+02   0.1785E+00
0.1775E+05   -.1387E+02   0.1999E+00
0.1775E+05   -.1209E+02   0.2234E+00
0.1775E+05   -.1060E+02   0.2490E+00
0.1774E+05   -.9352E+01   0.2765E+00
0.1774E+05   -.8305E+01   0.3059E+00
0.1774E+05   -.7428E+01   0.3367E+00
0.1774E+05   -.6694E+01   0.3688E+00
0.1774E+05   -.6078E+01   0.4015E+00
0.1774E+05   -.5563E+01   0.4346E+00
0.1774E+05   -.5131E+01   0.4674E+00
0.1774E+05   -.4769E+01   0.4995E+00
0.1774E+05   -.4466E+01   0.5304E+00
0.1774E+05   -.4213E+01   0.5598E+00
0.4590E+03   -.4000E+01   0.5874E+00
0.4580E+03   -.3800E+01   0.5613E+00
0.4620E+03   -.3600E+01   0.5352E+00
0.8130E+03   -.3150E+01   0.4765E+00
0.8120E+03   -.2700E+01   0.4178E+00
0.8110E+03   -.2250E+01   0.3592E+00
0.8100E+03   -.1800E+01   0.3007E+00
0.8090E+03   -.1350E+01   0.2422E+00
0.8080E+03   -.9000E+00   0.1838E+00
0.8070E+03   -.4500E+00   0.1255E+00
0.8140E+03   -.6217E-14   -.6722E-01
0.1511E+04   0.4500E+00   -.9042E-02
0.1512E+04   0.9000E+00   0.4905E-01
0.1513E+04   0.1350E+01   0.1071E+00
0.1514E+04   0.1800E+01   0.1650E+00
0.1515E+04   0.2250E+01   0.2228E+00
0.1516E+04   0.2700E+01   0.2806E+00
0.1517E+04   0.3150E+01   0.3382E+00
0.1561E+04   0.3600E+01   0.3957E+00
0.3681E+04   0.3800E+01   0.4212E+00
0.3697E+04   0.4000E+01   0.4467E+00
0.1927E+05   0.4213E+01   0.4189E+00
0.1927E+05   0.4466E+01   0.3894E+00
0.1927E+05   0.4769E+01   0.3583E+00
0.1927E+05   0.5131E+01   0.3260E+00
0.1927E+05   0.5563E+01   0.2929E+00
0.1927E+05   0.6078E+01   0.2594E+00
0.1927E+05   0.6694E+01   0.2260E+00
0.1928E+05   0.7428E+01   0.1929E+00
0.1928E+05   0.8305E+01   0.1604E+00
0.1928E+05   0.9352E+01   0.1286E+00
0.1928E+05   0.1060E+02   0.9749E-01
0.1928E+05   0.1209E+02   0.6651E-01
0.1928E+05   0.1387E+02   0.3472E-01
0.1932E+05   0.1600E+02   0.0000E+00
