0.1968E+06   0.0000E+00   0.6618E-02
0.1969E+06   0.1322E+01   0.7152E-02
0.1969E+06   0.2500E+01   0.8116E-02
0.1969E+06   0.3550E+01   0.9416E-02
0.1969E+06   0.4486E+01   0.1099E-01
0.1969E+06   0.5320E+01   0.1276E-01
0.1969E+06   0.6064E+01   0.1469E-01
0.1969E+06   0.6727E+01   0.1670E-01
0.1969E+06   0.7318E+01   0.1873E-01
0.1969E+06   0.7845E+01   0.2072E-01
0.1969E+06   0.8315E+01   0.2261E-01
0.1969E+06   0.8733E+01   0.2435E-01
0.1969E+06   0.9107E+01   0.2590E-01
0.1969E+06   0.9439E+01   0.2721E-01
0.1969E+06   0.9736E+01   0.2821E-01
0.1870E+06   0.1000E+02   0.2907E-01
0.1870E+06   0.1033E+02   0.3142E-01
0.1870E+06   0.1067E+02   0.3322E-01
0.1870E+06   0.1100E+02   0.3506E-01
0.1870E+06   0.1133E+02   0.3684E-01
0.1870E+06   0.1167E+02   0.3858E-01
0.1870E+06   0.1200E+02   0.4026E-01
0.1870E+06   0.1233E+02   0.4188E-01
0.1870E+06   0.1267E+02   0.4343E-01
0.1870E+06   0.1300E+02   0.4491E-01
0.1870E+06   0.1333E+02   0.4630E-01
0.1870E+06   0.1367E+02   0.4761E-01
0.1870E+06   0.1400E+02   0.4883E-01
0.1870E+06   0.1433E+02   0.4997E-01
0.1870E+06   0.1467E+02   0.5103E-01
0.1870E+06   0.1500E+02   0.5201E-01
0.1870E+06   0.1533E+02   0.5291E-01
0.1871E+06   0.1567E+02   0.5375E-01
0.1871E+06   0.1600E+02   0.5451E-01
0.1871E+06   0.1633E+02   0.5522E-01
0.1871E+06   0.1667E+02   0.5587E-01
0.1871E+06   0.1700E+02   0.5646E-01
0.1871E+06   0.1733E+02   0.5700E-01
0.1871E+06   0.1767E+02   0.5751E-01
0.1871E+06   0.1800E+02   0.5797E-01
0.1871E+06   0.1833E+02   0.5839E-01
0.1871E+06   0.1867E+02   0.5878E-01
0.1871E+06   0.1900E+02   0.5914E-01
0.1871E+06   0.1933E+02   0.5947E-01
0.1871E+06   0.1967E+02   0.5978E-01
0.1871E+06   0.2000E+02   0.6006E-01
0.1871E+06   0.2033E+02   0.6032E-01
0.1871E+06   0.2067E+02   0.6057E-01
0.1871E+06   0.2100E+02   0.6080E-01
0.1871E+06   0.2133E+02   0.6101E-01
0.1871E+06   0.2167E+02   0.6121E-01
0.1871E+06   0.2200E+02   0.6139E-01
0.1871E+06   0.2233E+02   0.6156E-01
0.1871E+06   0.2267E+02   0.6173E-01
0.1871E+06   0.2300E+02   0.6188E-01
0.1871E+06   0.2333E+02   0.6202E-01
0.1871E+06   0.2367E+02   0.6215E-01
0.1871E+06   0.2400E+02   0.6227E-01
0.1871E+06   0.2433E+02   0.6239E-01
0.1297E+06   0.2467E+02   0.6248E-01
0.1301E+06   0.2478E+02   0.6251E-01
0.1301E+06   0.2489E+02   0.6253E-01
0.1300E+06   0.2500E+02   0.6264E-01
0.1300E+06   0.2511E+02   0.6262E-01
0.1300E+06   0.2522E+02   0.6264E-01
0.1300E+06   0.2533E+02   0.6268E-01
0.1302E+06   0.2544E+02   0.6271E-01
0.1302E+06   0.2556E+02   0.6274E-01
0.1302E+06   0.2567E+02   0.6276E-01
0.1303E+06   0.2578E+02   0.6279E-01
0.1303E+06   0.2589E+02   0.6282E-01
0.1303E+06   0.2600E+02   0.6283E-01
0.1304E+06   0.2611E+02   0.6290E-01
0.1304E+06   0.2622E+02   0.6296E-01
0.1304E+06   0.2633E+02   0.6288E-01
0.1305E+06   0.2644E+02   0.6295E-01
0.1305E+06   0.2656E+02   0.6298E-01
0.8078E+05   0.2667E+02   0.6303E-01
0.8091E+05   0.2678E+02   0.6303E-01
0.8091E+05   0.2689E+02   0.6305E-01
0.8084E+05   0.2700E+02   0.6303E-01
0.8461E+05   0.2711E+02   0.6316E-01
0.8461E+05   0.2722E+02   0.6316E-01
0.8455E+05   0.2733E+02   0.6314E-01
0.8640E+05   0.2744E+02   0.6317E-01
0.8640E+05   0.2756E+02   0.6320E-01
0.8633E+05   0.2767E+02   0.6322E-01
0.8685E+05   0.2778E+02   0.6324E-01
0.8686E+05   0.2789E+02   0.6327E-01
0.8680E+05   0.2800E+02   0.6330E-01
0.8808E+05   0.2811E+02   0.6330E-01
0.8808E+05   0.2822E+02   0.6334E-01
0.8727E+05   0.2833E+02   0.6341E-01
0.8732E+05   0.2844E+02   0.6335E-01
0.8732E+05   0.2856E+02   0.6339E-01
0.1593E+04   0.2867E+02   0.6341E-01
0.2973E+04   0.2900E+02   0.6348E-01
0.2972E+04   0.2933E+02   0.6353E-01
0.2971E+04   0.2967E+02   0.6358E-01
0.2970E+04   0.3000E+02   0.6363E-01
0.2969E+04   0.3033E+02   0.6367E-01
0.2968E+04   0.3067E+02   0.6371E-01
0.2967E+04   0.3100E+02   0.6375E-01
0.2966E+04   0.3133E+02   0.6379E-01
0.2965E+04   0.3167E+02   0.6382E-01
0.2964E+04   0.3200E+02   0.6385E-01
0.2963E+04   0.3233E+02   0.6388E-01
0.2962E+04   0.3267E+02   0.6391E-01
0.2961E+04   0.3300E+02   0.6394E-01
0.2960E+04   0.3333E+02   0.6396E-01
0.2959E+04   0.3367E+02   0.6399E-01
0.2958E+04   0.3400E+02   0.6401E-01
0.2957E+04   0.3433E+02   0.6403E-01
0.2956E+04   0.3467E+02   0.6405E-01
0.2955E+04   0.3500E+02   0.6407E-01
0.2954E+04   0.3533E+02   0.6409E-01
0.2953E+04   0.3567E+02   0.6411E-01
0.2952E+04   0.3600E+02   0.6413E-01
0.2951E+04   0.3633E+02   0.6414E-01
0.2950E+04   0.3667E+02   0.6415E-01
0.2949E+04   0.3700E+02   0.6417E-01
0.2948E+04   0.3733E+02   0.6418E-01
0.2947E+04   0.3767E+02   0.6419E-01
0.2946E+04   0.3800E+02   0.6420E-01
0.2945E+04   0.3833E+02   0.6421E-01
0.2944E+04   0.3867E+02   0.6422E-01
0.2943E+04   0.3900E+02   0.6423E-01
0.2942E+04   0.3933E+02   0.6424E-01
0.2941E+04   0.3967E+02   0.6425E-01
0.2940E+04   0.4000E+02   0.6425E-01
0.2939E+04   0.4033E+02   0.6426E-01
0.2938E+04   0.4067E+02   0.6427E-01
0.2937E+04   0.4100E+02   0.6427E-01
0.2936E+04   0.4133E+02   0.6427E-01
0.2935E+04   0.4167E+02   0.6428E-01
0.2934E+04   0.4200E+02   0.6428E-01
0.2933E+04   0.4233E+02   0.6428E-01
0.2932E+04   0.4267E+02   0.6428E-01
0.2931E+04   0.4300E+02   0.6428E-01
0.2270E+04   0.4333E+02   0.6428E-01
