0.8140E+03   0.2204E-15   0.0000E+00
0.1165E+04   0.4500E+00   0.6718E-01
0.1164E+04   0.9000E+00   0.6707E-01
0.1163E+04   0.1350E+01   0.6688E-01
0.1162E+04   0.1800E+01   0.6662E-01
0.1161E+04   0.2250E+01   0.6629E-01
0.1160E+04   0.2700E+01   0.6588E-01
0.1159E+04   0.3150E+01   0.6539E-01
0.1166E+04   0.3600E+01   0.6484E-01
0.2269E+04   0.3800E+01   0.6457E-01
0.2270E+04   0.4000E+01   0.6428E-01
0.1835E+05   0.4213E+01   0.6456E-01
0.1835E+05   0.4466E+01   0.6478E-01
0.1835E+05   0.4769E+01   0.6492E-01
0.1836E+05   0.5131E+01   0.6498E-01
0.1836E+05   0.5563E+01   0.6493E-01
0.1836E+05   0.6078E+01   0.6477E-01
0.1836E+05   0.6694E+01   0.6446E-01
0.1836E+05   0.7428E+01   0.6400E-01
0.1836E+05   0.8305E+01   0.6334E-01
0.1836E+05   0.9352E+01   0.6244E-01
0.1836E+05   0.1060E+02   0.6124E-01
0.1836E+05   0.1209E+02   0.5967E-01
0.1836E+05   0.1387E+02   0.5765E-01
0.1474E+05   0.1600E+02   0.5508E-01
0.1474E+05   0.1787E+02   0.5277E-01
0.1474E+05   0.2007E+02   0.5005E-01
0.1474E+05   0.2265E+02   0.4687E-01
0.1474E+05   0.2570E+02   0.4326E-01
0.1474E+05   0.2928E+02   0.3929E-01
0.1474E+05   0.3350E+02   0.3510E-01
0.1474E+05   0.3846E+02   0.3091E-01
0.1475E+05   0.4430E+02   0.2697E-01
0.1475E+05   0.5118E+02   0.2364E-01
0.1475E+05   0.5927E+02   0.2141E-01
0.1475E+05   0.6879E+02   0.2114E-01
0.1475E+05   0.8000E+02   0.2494E-01
