0.1968E+06   0.0000E+00   -.2211E+01
0.1968E+06   0.1322E+01   -.2212E+01
0.1968E+06   0.2500E+01   -.2214E+01
0.1968E+06   0.3550E+01   -.2216E+01
0.1968E+06   0.4486E+01   -.2219E+01
0.1968E+06   0.5320E+01   -.2223E+01
0.1968E+06   0.6064E+01   -.2228E+01
0.1968E+06   0.6727E+01   -.2235E+01
0.1968E+06   0.7318E+01   -.2244E+01
0.1968E+06   0.7845E+01   -.2254E+01
0.1968E+06   0.8315E+01   -.2255E+01
0.1968E+06   0.8733E+01   -.2256E+01
0.1968E+06   0.9107E+01   -.2202E+01
0.1968E+06   0.9439E+01   -.2233E+01
0.1968E+06   0.9736E+01   -.2084E+01
0.1864E+06   0.1000E+02   -.3161E+01
0.1863E+06   0.1033E+02   0.3431E+00
0.1863E+06   0.1067E+02   -.2500E+00
0.1863E+06   0.1100E+02   -.9643E-03
0.1863E+06   0.1133E+02   -.1016E+00
0.1863E+06   0.1167E+02   -.6345E-01
0.1863E+06   0.1200E+02   -.8004E-01
0.1863E+06   0.1233E+02   -.7432E-01
0.1863E+06   0.1267E+02   -.7732E-01
0.1863E+06   0.1300E+02   -.7661E-01
0.1863E+06   0.1333E+02   -.7729E-01
0.1863E+06   0.1367E+02   -.7731E-01
0.1863E+06   0.1400E+02   -.7754E-01
0.1863E+06   0.1433E+02   -.7763E-01
0.1863E+06   0.1467E+02   -.7775E-01
0.1863E+06   0.1500E+02   -.7784E-01
0.1863E+06   0.1533E+02   -.7792E-01
0.1863E+06   0.1567E+02   -.7799E-01
0.1863E+06   0.1600E+02   -.7805E-01
0.1863E+06   0.1633E+02   -.7810E-01
0.1863E+06   0.1667E+02   -.7815E-01
0.1864E+06   0.1700E+02   -.7820E-01
0.1864E+06   0.1733E+02   -.7824E-01
0.1864E+06   0.1767E+02   -.7827E-01
0.1864E+06   0.1800E+02   -.7830E-01
0.1864E+06   0.1833E+02   -.7833E-01
0.1864E+06   0.1867E+02   -.7836E-01
0.1864E+06   0.1900E+02   -.7839E-01
0.1864E+06   0.1933E+02   -.7841E-01
0.1864E+06   0.1967E+02   -.7843E-01
0.1864E+06   0.2000E+02   -.7845E-01
0.1864E+06   0.2033E+02   -.7847E-01
0.1864E+06   0.2067E+02   -.7849E-01
0.1864E+06   0.2100E+02   -.7850E-01
0.1864E+06   0.2133E+02   -.7852E-01
0.1864E+06   0.2167E+02   -.7853E-01
0.1864E+06   0.2200E+02   -.7854E-01
0.1864E+06   0.2233E+02   -.7855E-01
0.1864E+06   0.2267E+02   -.7857E-01
0.1864E+06   0.2300E+02   -.7857E-01
0.1864E+06   0.2333E+02   -.7860E-01
0.1864E+06   0.2367E+02   -.7859E-01
0.1864E+06   0.2400E+02   -.7866E-01
0.1864E+06   0.2433E+02   -.7855E-01
0.1441E+06   0.2467E+02   -.1102E+00
0.1441E+06   0.2478E+02   -.4635E-02
0.1441E+06   0.2489E+02   0.3386E-04
0.1441E+06   0.2500E+02   -.2761E-02
0.1443E+06   0.2511E+02   -.3578E-02
0.1443E+06   0.2522E+02   -.7210E-02
0.1443E+06   0.2533E+02   -.3990E-02
0.1444E+06   0.2544E+02   -.4269E-02
0.1444E+06   0.2556E+02   -.6564E-02
0.1444E+06   0.2567E+02   0.6673E-03
0.1445E+06   0.2578E+02   -.2788E-02
0.1445E+06   0.2589E+02   -.3466E-02
0.1431E+06   0.2600E+02   0.2138E-02
0.1694E+06   0.2610E+02   -.2446E-02
0.1695E+06   0.2622E+02   -.6313E-02
0.1695E+06   0.2633E+02   0.5803E-03
0.1695E+06   0.2644E+02   -.5704E-02
0.1695E+06   0.2656E+02   -.1092E-02
0.7138E+05   0.2667E+02   -.1551E-02
0.7144E+05   0.2678E+02   -.1092E-02
0.7144E+05   0.2689E+02   -.5704E-02
0.7143E+05   0.2700E+02   0.5803E-03
0.7144E+05   0.2712E+02   -.6315E-02
0.7143E+05   0.2723E+02   -.2448E-02
0.7223E+05   0.2733E+02   0.2138E-02
0.8638E+05   0.2744E+02   -.3467E-02
0.8639E+05   0.2756E+02   -.2789E-02
0.8633E+05   0.2767E+02   0.6674E-03
0.8687E+05   0.2778E+02   -.6568E-02
0.8687E+05   0.2789E+02   -.4272E-02
0.8680E+05   0.2800E+02   -.3992E-02
0.8810E+05   0.2811E+02   -.7215E-02
0.8810E+05   0.2822E+02   -.3581E-02
0.8727E+05   0.2833E+02   -.2763E-02
0.8734E+05   0.2844E+02   0.3270E-04
0.8734E+05   0.2856E+02   -.4644E-02
0.3005E+04   0.2867E+02   -.1102E+00
0.4385E+04   0.2900E+02   -.7864E-01
0.4384E+04   0.2933E+02   -.7875E-01
0.4383E+04   0.2967E+02   -.7869E-01
0.4382E+04   0.3000E+02   -.7871E-01
0.4381E+04   0.3033E+02   -.7870E-01
0.4380E+04   0.3067E+02   -.7871E-01
0.4379E+04   0.3100E+02   -.7871E-01
0.4378E+04   0.3133E+02   -.7871E-01
0.4377E+04   0.3167E+02   -.7871E-01
0.4376E+04   0.3200E+02   -.7871E-01
0.4375E+04   0.3233E+02   -.7872E-01
0.4374E+04   0.3267E+02   -.7872E-01
0.4373E+04   0.3300E+02   -.7872E-01
0.4372E+04   0.3333E+02   -.7872E-01
0.4371E+04   0.3367E+02   -.7872E-01
0.4370E+04   0.3400E+02   -.7873E-01
0.4369E+04   0.3433E+02   -.7873E-01
0.4368E+04   0.3467E+02   -.7873E-01
0.4367E+04   0.3500E+02   -.7873E-01
0.4366E+04   0.3533E+02   -.7873E-01
0.4365E+04   0.3567E+02   -.7873E-01
0.4364E+04   0.3600E+02   -.7873E-01
0.4363E+04   0.3633E+02   -.7873E-01
0.4362E+04   0.3667E+02   -.7874E-01
0.4361E+04   0.3700E+02   -.7874E-01
0.4360E+04   0.3733E+02   -.7874E-01
0.4359E+04   0.3767E+02   -.7874E-01
0.4358E+04   0.3800E+02   -.7874E-01
0.4357E+04   0.3833E+02   -.7874E-01
0.4356E+04   0.3867E+02   -.7874E-01
0.4355E+04   0.3900E+02   -.7874E-01
0.4354E+04   0.3933E+02   -.7874E-01
0.4353E+04   0.3967E+02   -.7874E-01
0.4352E+04   0.4000E+02   -.7874E-01
0.4351E+04   0.4033E+02   -.7874E-01
0.4350E+04   0.4067E+02   -.7874E-01
0.4349E+04   0.4100E+02   -.7874E-01
0.4348E+04   0.4133E+02   -.7874E-01
0.4347E+04   0.4167E+02   -.7874E-01
0.4346E+04   0.4200E+02   -.7874E-01
0.4345E+04   0.4233E+02   -.7875E-01
0.4344E+04   0.4267E+02   -.7875E-01
0.4343E+04   0.4300E+02   -.7875E-01
0.3697E+04   0.4333E+02   -.7875E-01
