0.8140E+03   0.2204E-15   0.0000E+00
0.1165E+04   0.4500E+00   0.0000E+00
0.1164E+04   0.9000E+00   0.0000E+00
0.1163E+04   0.1350E+01   0.0000E+00
0.1162E+04   0.1800E+01   0.0000E+00
0.1161E+04   0.2250E+01   0.0000E+00
0.1160E+04   0.2700E+01   0.0000E+00
0.1159E+04   0.3150E+01   0.0000E+00
0.1166E+04   0.3600E+01   0.0000E+00
0.2269E+04   0.3800E+01   0.0000E+00
0.2270E+04   0.4000E+01   -.4247E+01
0.1835E+05   0.4213E+01   -.4079E+01
0.1835E+05   0.4466E+01   -.3876E+01
0.1835E+05   0.4769E+01   -.3673E+01
0.1836E+05   0.5131E+01   -.3474E+01
0.1836E+05   0.5563E+01   -.3285E+01
0.1836E+05   0.6078E+01   -.3108E+01
0.1836E+05   0.6694E+01   -.2948E+01
0.1836E+05   0.7428E+01   -.2806E+01
0.1836E+05   0.8305E+01   -.2682E+01
0.1836E+05   0.9352E+01   -.2578E+01
0.1836E+05   0.1060E+02   -.2492E+01
0.1836E+05   0.1209E+02   -.2423E+01
0.1836E+05   0.1387E+02   -.2369E+01
0.1474E+05   0.1600E+02   -.2328E+01
0.1474E+05   0.1787E+02   -.2303E+01
0.1474E+05   0.2007E+02   -.2283E+01
0.1474E+05   0.2265E+02   -.2268E+01
0.1474E+05   0.2570E+02   -.2256E+01
0.1474E+05   0.2928E+02   -.2246E+01
0.1474E+05   0.3350E+02   -.2239E+01
0.1474E+05   0.3846E+02   -.2234E+01
0.1475E+05   0.4430E+02   -.2230E+01
0.1475E+05   0.5118E+02   -.2227E+01
0.1475E+05   0.5927E+02   -.2226E+01
0.1475E+05   0.6879E+02   -.2227E+01
0.1475E+05   0.8000E+02   -.2229E+01
