0.2325E+05   -.8000E+02   -.2199E+01
0.2378E+05   -.6879E+02   -.2199E+01
0.2378E+05   -.5927E+02   -.2196E+01
0.2378E+05   -.5118E+02   -.2192E+01
0.2378E+05   -.4430E+02   -.2186E+01
0.2378E+05   -.3846E+02   -.2180E+01
0.2378E+05   -.3350E+02   -.2171E+01
0.2378E+05   -.2928E+02   -.2161E+01
0.2377E+05   -.2570E+02   -.2148E+01
0.2377E+05   -.2265E+02   -.2133E+01
0.2377E+05   -.2007E+02   -.2114E+01
0.2377E+05   -.1787E+02   -.2091E+01
0.1779E+05   -.1600E+02   -.2062E+01
0.1775E+05   -.1387E+02   -.2019E+01
0.1775E+05   -.1209E+02   -.1963E+01
0.1775E+05   -.1060E+02   -.1892E+01
0.1774E+05   -.9352E+01   -.1805E+01
0.1774E+05   -.8305E+01   -.1700E+01
0.1774E+05   -.7428E+01   -.1575E+01
0.1774E+05   -.6694E+01   -.1430E+01
0.1774E+05   -.6078E+01   -.1265E+01
0.1774E+05   -.5563E+01   -.1082E+01
0.1774E+05   -.5131E+01   -.8829E+00
0.1774E+05   -.4769E+01   -.6715E+00
0.1774E+05   -.4466E+01   -.4521E+00
0.1774E+05   -.4213E+01   -.2294E+00
0.4590E+03   -.4000E+01   -.7956E-01
0.4580E+03   -.3800E+01   0.0000E+00
0.4620E+03   -.3600E+01   0.0000E+00
0.8130E+03   -.3150E+01   0.0000E+00
0.8120E+03   -.2700E+01   0.0000E+00
0.8110E+03   -.2250E+01   0.0000E+00
0.8100E+03   -.1800E+01   0.0000E+00
0.8090E+03   -.1350E+01   0.0000E+00
0.8080E+03   -.9000E+00   0.0000E+00
0.8070E+03   -.4500E+00   0.0000E+00
0.8140E+03   -.6217E-14   0.0000E+00
0.1511E+04   0.4500E+00   0.0000E+00
0.1512E+04   0.9000E+00   0.0000E+00
0.1513E+04   0.1350E+01   0.0000E+00
0.1514E+04   0.1800E+01   0.0000E+00
0.1515E+04   0.2250E+01   0.0000E+00
0.1516E+04   0.2700E+01   0.0000E+00
0.1517E+04   0.3150E+01   0.0000E+00
0.1561E+04   0.3600E+01   0.0000E+00
0.3681E+04   0.3800E+01   0.0000E+00
0.3697E+04   0.4000E+01   -.7875E-01
0.1927E+05   0.4213E+01   -.2311E+00
0.1927E+05   0.4466E+01   -.4544E+00
0.1927E+05   0.4769E+01   -.6725E+00
0.1927E+05   0.5131E+01   -.8810E+00
0.1927E+05   0.5563E+01   -.1076E+01
0.1927E+05   0.6078E+01   -.1254E+01
0.1927E+05   0.6694E+01   -.1413E+01
0.1928E+05   0.7428E+01   -.1551E+01
0.1928E+05   0.8305E+01   -.1669E+01
0.1928E+05   0.9352E+01   -.1765E+01
0.1928E+05   0.1060E+02   -.1842E+01
0.1928E+05   0.1209E+02   -.1899E+01
0.1928E+05   0.1387E+02   -.1935E+01
0.1932E+05   0.1600E+02   -.1948E+01
