0.1968E+06   0.0000E+00   -.2211E+01
0.1969E+06   0.1322E+01   -.2211E+01
0.1969E+06   0.2500E+01   -.2213E+01
0.1969E+06   0.3550E+01   -.2215E+01
0.1969E+06   0.4486E+01   -.2218E+01
0.1969E+06   0.5320E+01   -.2223E+01
0.1969E+06   0.6064E+01   -.2229E+01
0.1969E+06   0.6727E+01   -.2239E+01
0.1969E+06   0.7318E+01   -.2254E+01
0.1969E+06   0.7845E+01   -.2276E+01
0.1969E+06   0.8315E+01   -.2313E+01
0.1969E+06   0.8733E+01   -.2354E+01
0.1969E+06   0.9107E+01   -.2455E+01
0.1969E+06   0.9439E+01   -.2472E+01
0.1969E+06   0.9736E+01   -.2979E+01
0.1870E+06   0.1000E+02   -.2669E+01
0.1870E+06   0.1033E+02   -.3932E+01
0.1870E+06   0.1067E+02   -.3542E+01
0.1870E+06   0.1100E+02   -.3964E+01
0.1870E+06   0.1133E+02   -.3975E+01
0.1870E+06   0.1167E+02   -.4082E+01
0.1870E+06   0.1200E+02   -.4112E+01
0.1870E+06   0.1233E+02   -.4149E+01
0.1870E+06   0.1267E+02   -.4167E+01
0.1870E+06   0.1300E+02   -.4183E+01
0.1870E+06   0.1333E+02   -.4194E+01
0.1870E+06   0.1367E+02   -.4202E+01
0.1870E+06   0.1400E+02   -.4207E+01
0.1870E+06   0.1433E+02   -.4212E+01
0.1870E+06   0.1467E+02   -.4215E+01
0.1870E+06   0.1500E+02   -.4218E+01
0.1870E+06   0.1533E+02   -.4220E+01
0.1871E+06   0.1567E+02   -.4222E+01
0.1871E+06   0.1600E+02   -.4223E+01
0.1871E+06   0.1633E+02   -.4225E+01
0.1871E+06   0.1667E+02   -.4226E+01
0.1871E+06   0.1700E+02   -.4227E+01
0.1871E+06   0.1733E+02   -.4228E+01
0.1871E+06   0.1767E+02   -.4229E+01
0.1871E+06   0.1800E+02   -.4230E+01
0.1871E+06   0.1833E+02   -.4231E+01
0.1871E+06   0.1867E+02   -.4231E+01
0.1871E+06   0.1900E+02   -.4232E+01
0.1871E+06   0.1933E+02   -.4233E+01
0.1871E+06   0.1967E+02   -.4233E+01
0.1871E+06   0.2000E+02   -.4234E+01
0.1871E+06   0.2033E+02   -.4235E+01
0.1871E+06   0.2067E+02   -.4235E+01
0.1871E+06   0.2100E+02   -.4236E+01
0.1871E+06   0.2133E+02   -.4236E+01
0.1871E+06   0.2167E+02   -.4237E+01
0.1871E+06   0.2200E+02   -.4237E+01
0.1871E+06   0.2233E+02   -.4238E+01
0.1871E+06   0.2267E+02   -.4238E+01
0.1871E+06   0.2300E+02   -.4239E+01
0.1871E+06   0.2333E+02   -.4239E+01
0.1871E+06   0.2367E+02   -.4240E+01
0.1871E+06   0.2400E+02   -.4240E+01
0.1871E+06   0.2433E+02   -.4241E+01
0.1297E+06   0.2467E+02   -.4300E+01
0.1301E+06   0.2478E+02   -.4277E+01
0.1301E+06   0.2489E+02   -.4278E+01
0.1300E+06   0.2500E+02   -.4283E+01
0.1300E+06   0.2511E+02   -.4283E+01
0.1300E+06   0.2522E+02   -.4285E+01
0.1300E+06   0.2533E+02   -.4293E+01
0.1302E+06   0.2544E+02   -.4285E+01
0.1302E+06   0.2556E+02   -.4267E+01
0.1302E+06   0.2567E+02   -.4273E+01
0.1303E+06   0.2578E+02   -.4281E+01
0.1303E+06   0.2589E+02   -.4279E+01
0.1303E+06   0.2600E+02   -.4278E+01
0.1304E+06   0.2611E+02   -.4286E+01
0.1304E+06   0.2622E+02   -.4284E+01
0.1304E+06   0.2633E+02   -.4287E+01
0.1305E+06   0.2644E+02   -.4281E+01
0.1305E+06   0.2656E+02   -.4284E+01
0.8078E+05   0.2667E+02   -.4281E+01
0.8091E+05   0.2678E+02   -.4285E+01
0.8091E+05   0.2689E+02   -.4282E+01
0.8084E+05   0.2700E+02   -.4288E+01
0.8461E+05   0.2711E+02   -.4284E+01
0.8461E+05   0.2722E+02   -.4287E+01
0.8455E+05   0.2733E+02   -.4279E+01
0.8640E+05   0.2744E+02   -.4281E+01
0.8640E+05   0.2756E+02   -.4283E+01
0.8633E+05   0.2767E+02   -.4275E+01
0.8685E+05   0.2778E+02   -.4268E+01
0.8686E+05   0.2789E+02   -.4287E+01
0.8680E+05   0.2800E+02   -.4295E+01
0.8808E+05   0.2811E+02   -.4288E+01
0.8808E+05   0.2822E+02   -.4285E+01
0.8727E+05   0.2833E+02   -.4285E+01
0.8732E+05   0.2844E+02   -.4281E+01
0.8732E+05   0.2856E+02   -.4280E+01
0.1593E+04   0.2867E+02   -.4303E+01
0.2973E+04   0.2900E+02   -.4245E+01
0.2972E+04   0.2933E+02   -.4244E+01
0.2971E+04   0.2967E+02   -.4244E+01
0.2970E+04   0.3000E+02   -.4244E+01
0.2969E+04   0.3033E+02   -.4244E+01
0.2968E+04   0.3067E+02   -.4244E+01
0.2967E+04   0.3100E+02   -.4245E+01
0.2966E+04   0.3133E+02   -.4245E+01
0.2965E+04   0.3167E+02   -.4245E+01
0.2964E+04   0.3200E+02   -.4245E+01
0.2963E+04   0.3233E+02   -.4245E+01
0.2962E+04   0.3267E+02   -.4245E+01
0.2961E+04   0.3300E+02   -.4245E+01
0.2960E+04   0.3333E+02   -.4245E+01
0.2959E+04   0.3367E+02   -.4246E+01
0.2958E+04   0.3400E+02   -.4246E+01
0.2957E+04   0.3433E+02   -.4246E+01
0.2956E+04   0.3467E+02   -.4246E+01
0.2955E+04   0.3500E+02   -.4246E+01
0.2954E+04   0.3533E+02   -.4246E+01
0.2953E+04   0.3567E+02   -.4246E+01
0.2952E+04   0.3600E+02   -.4246E+01
0.2951E+04   0.3633E+02   -.4246E+01
0.2950E+04   0.3667E+02   -.4246E+01
0.2949E+04   0.3700E+02   -.4246E+01
0.2948E+04   0.3733E+02   -.4246E+01
0.2947E+04   0.3767E+02   -.4246E+01
0.2946E+04   0.3800E+02   -.4246E+01
0.2945E+04   0.3833E+02   -.4246E+01
0.2944E+04   0.3867E+02   -.4247E+01
0.2943E+04   0.3900E+02   -.4247E+01
0.2942E+04   0.3933E+02   -.4247E+01
0.2941E+04   0.3967E+02   -.4247E+01
0.2940E+04   0.4000E+02   -.4247E+01
0.2939E+04   0.4033E+02   -.4247E+01
0.2938E+04   0.4067E+02   -.4247E+01
0.2937E+04   0.4100E+02   -.4247E+01
0.2936E+04   0.4133E+02   -.4247E+01
0.2935E+04   0.4167E+02   -.4247E+01
0.2934E+04   0.4200E+02   -.4247E+01
0.2933E+04   0.4233E+02   -.4247E+01
0.2932E+04   0.4267E+02   -.4247E+01
0.2931E+04   0.4300E+02   -.4247E+01
0.2270E+04   0.4333E+02   -.4247E+01
