0.1403E+06   0.0000E+00   -.7412E-03
0.1403E+06   0.1322E+01   -.8017E-03
0.1403E+06   0.2500E+01   -.9942E-03
0.1403E+06   0.3550E+01   -.1312E-02
0.1403E+06   0.4486E+01   -.1771E-02
0.1403E+06   0.5320E+01   -.2389E-02
0.1403E+06   0.6064E+01   -.3162E-02
0.1403E+06   0.6727E+01   -.3985E-02
0.1403E+06   0.7318E+01   -.4609E-02
0.1403E+06   0.7845E+01   -.4330E-02
0.1403E+06   0.8315E+01   -.2281E-02
0.1403E+06   0.8733E+01   0.3377E-02
0.1403E+06   0.9107E+01   0.1183E-01
0.1403E+06   0.9439E+01   0.2502E-01
0.1403E+06   0.9736E+01   0.2724E-01
0.1297E+06   0.1000E+02   0.4258E-01
0.1296E+06   0.1033E+02   0.2046E+00
0.1296E+06   0.1067E+02   0.2142E+00
0.1296E+06   0.1100E+02   0.2185E+00
0.1296E+06   0.1133E+02   0.2159E+00
0.1296E+06   0.1167E+02   0.2161E+00
0.1296E+06   0.1200E+02   0.2160E+00
0.1296E+06   0.1233E+02   0.2164E+00
0.1296E+06   0.1267E+02   0.2167E+00
0.1296E+06   0.1300E+02   0.2170E+00
0.1296E+06   0.1333E+02   0.2173E+00
0.1297E+06   0.1367E+02   0.2175E+00
0.1297E+06   0.1400E+02   0.2178E+00
0.1297E+06   0.1433E+02   0.2180E+00
0.1297E+06   0.1467E+02   0.2181E+00
0.1297E+06   0.1500E+02   0.2183E+00
0.1297E+06   0.1533E+02   0.2184E+00
0.1297E+06   0.1567E+02   0.2186E+00
0.1297E+06   0.1600E+02   0.2187E+00
0.1297E+06   0.1633E+02   0.2188E+00
0.1297E+06   0.1667E+02   0.2189E+00
0.1297E+06   0.1700E+02   0.2190E+00
0.1297E+06   0.1733E+02   0.2190E+00
0.1297E+06   0.1767E+02   0.2191E+00
0.1297E+06   0.1800E+02   0.2192E+00
0.1297E+06   0.1833E+02   0.2192E+00
0.1297E+06   0.1867E+02   0.2193E+00
0.1297E+06   0.1900E+02   0.2193E+00
0.1297E+06   0.1933E+02   0.2193E+00
0.1297E+06   0.1967E+02   0.2194E+00
0.1297E+06   0.2000E+02   0.2194E+00
0.1297E+06   0.2033E+02   0.2194E+00
0.1297E+06   0.2067E+02   0.2195E+00
0.1297E+06   0.2100E+02   0.2195E+00
0.1297E+06   0.2133E+02   0.2195E+00
0.1297E+06   0.2167E+02   0.2196E+00
0.1297E+06   0.2200E+02   0.2196E+00
0.1297E+06   0.2233E+02   0.2196E+00
0.1297E+06   0.2267E+02   0.2196E+00
0.1297E+06   0.2300E+02   0.2196E+00
0.1297E+06   0.2333E+02   0.2197E+00
0.1297E+06   0.2367E+02   0.2197E+00
0.1297E+06   0.2400E+02   0.2197E+00
0.1297E+06   0.2433E+02   0.2197E+00
0.1297E+06   0.2467E+02   0.2197E+00
0.1297E+06   0.2500E+02   0.2196E+00
0.1068E+06   0.2533E+02   0.2194E+00
0.1068E+06   0.2544E+02   0.2195E+00
0.1068E+06   0.2556E+02   0.2197E+00
0.1068E+06   0.2567E+02   0.2194E+00
0.1070E+06   0.2578E+02   0.2193E+00
0.1070E+06   0.2589E+02   0.2194E+00
0.1064E+06   0.2600E+02   0.2193E+00
0.1135E+06   0.2610E+02   0.2192E+00
0.1135E+06   0.2618E+02   0.2193E+00
0.1135E+06   0.2626E+02   0.2192E+00
0.1135E+06   0.2633E+02   0.2194E+00
0.1135E+06   0.2644E+02   0.2195E+00
0.1135E+06   0.2656E+02   0.2192E+00
0.7234E+05   0.2667E+02   0.2192E+00
0.7242E+05   0.2678E+02   0.2192E+00
0.7243E+05   0.2689E+02   0.2195E+00
0.7242E+05   0.2700E+02   0.2194E+00
0.7242E+05   0.2708E+02   0.2192E+00
0.7242E+05   0.2716E+02   0.2193E+00
0.7241E+05   0.2723E+02   0.2193E+00
0.7526E+05   0.2733E+02   0.2193E+00
0.8683E+05   0.2744E+02   0.2195E+00
0.8683E+05   0.2756E+02   0.2193E+00
0.8583E+05   0.2767E+02   0.2194E+00
0.8592E+05   0.2778E+02   0.2197E+00
0.8592E+05   0.2789E+02   0.2196E+00
0.3119E+04   0.2800E+02   0.2195E+00
0.4561E+04   0.2833E+02   0.2197E+00
0.4560E+04   0.2867E+02   0.2198E+00
0.4559E+04   0.2900E+02   0.2198E+00
0.4558E+04   0.2933E+02   0.2198E+00
0.4557E+04   0.2967E+02   0.2198E+00
0.4556E+04   0.3000E+02   0.2198E+00
0.4555E+04   0.3033E+02   0.2198E+00
0.4554E+04   0.3067E+02   0.2198E+00
0.4553E+04   0.3100E+02   0.2198E+00
0.4552E+04   0.3133E+02   0.2199E+00
0.4551E+04   0.3167E+02   0.2199E+00
0.4550E+04   0.3200E+02   0.2199E+00
0.4549E+04   0.3233E+02   0.2199E+00
0.4548E+04   0.3267E+02   0.2199E+00
0.4547E+04   0.3300E+02   0.2199E+00
0.4546E+04   0.3333E+02   0.2199E+00
0.4545E+04   0.3367E+02   0.2199E+00
0.4544E+04   0.3400E+02   0.2199E+00
0.4543E+04   0.3433E+02   0.2199E+00
0.4542E+04   0.3467E+02   0.2199E+00
0.4541E+04   0.3500E+02   0.2199E+00
0.4540E+04   0.3533E+02   0.2199E+00
0.4539E+04   0.3567E+02   0.2199E+00
0.4538E+04   0.3600E+02   0.2199E+00
0.4537E+04   0.3633E+02   0.2199E+00
0.4536E+04   0.3667E+02   0.2199E+00
0.4535E+04   0.3700E+02   0.2199E+00
0.4534E+04   0.3733E+02   0.2199E+00
0.4533E+04   0.3767E+02   0.2199E+00
0.4532E+04   0.3800E+02   0.2199E+00
0.4531E+04   0.3833E+02   0.2199E+00
0.4530E+04   0.3867E+02   0.2199E+00
0.4529E+04   0.3900E+02   0.2199E+00
0.4528E+04   0.3933E+02   0.2199E+00
0.4527E+04   0.3967E+02   0.2199E+00
0.4526E+04   0.4000E+02   0.2199E+00
0.4525E+04   0.4033E+02   0.2199E+00
0.4524E+04   0.4067E+02   0.2199E+00
0.4523E+04   0.4100E+02   0.2199E+00
0.4522E+04   0.4133E+02   0.2199E+00
0.4521E+04   0.4167E+02   0.2199E+00
0.4520E+04   0.4200E+02   0.2199E+00
0.4519E+04   0.4233E+02   0.2199E+00
0.4518E+04   0.4267E+02   0.2199E+00
0.4517E+04   0.4300E+02   0.2199E+00
0.3841E+04   0.4333E+02   0.2199E+00
