0.1404E+06   0.0000E+00   0.2175E-02
0.1404E+06   0.1322E+01   0.2756E-02
0.1404E+06   0.2500E+01   0.3486E-02
0.1404E+06   0.3550E+01   0.4493E-02
0.1404E+06   0.4486E+01   0.5905E-02
0.1404E+06   0.5320E+01   0.7897E-02
0.1404E+06   0.6064E+01   0.1071E-01
0.1404E+06   0.6727E+01   0.1473E-01
0.1404E+06   0.7318E+01   0.2045E-01
0.1404E+06   0.7845E+01   0.2879E-01
0.1404E+06   0.8315E+01   0.4054E-01
0.1404E+06   0.8733E+01   0.5746E-01
0.1404E+06   0.9107E+01   0.7834E-01
0.1404E+06   0.9439E+01   0.1068E+00
0.1404E+06   0.9736E+01   0.1254E+00
0.1304E+06   0.1000E+02   0.1725E+00
0.1304E+06   0.1033E+02   0.4356E+00
0.1304E+06   0.1067E+02   0.5073E+00
0.1304E+06   0.1100E+02   0.5622E+00
0.1304E+06   0.1133E+02   0.5936E+00
0.1304E+06   0.1167E+02   0.6178E+00
0.1304E+06   0.1200E+02   0.6348E+00
0.1304E+06   0.1233E+02   0.6481E+00
0.1304E+06   0.1267E+02   0.6583E+00
0.1304E+06   0.1300E+02   0.6665E+00
0.1304E+06   0.1333E+02   0.6730E+00
0.1304E+06   0.1367E+02   0.6782E+00
0.1304E+06   0.1400E+02   0.6826E+00
0.1304E+06   0.1433E+02   0.6861E+00
0.1304E+06   0.1467E+02   0.6891E+00
0.1304E+06   0.1500E+02   0.6917E+00
0.1304E+06   0.1533E+02   0.6938E+00
0.1304E+06   0.1567E+02   0.6956E+00
0.1304E+06   0.1600E+02   0.6972E+00
0.1304E+06   0.1633E+02   0.6985E+00
0.1304E+06   0.1667E+02   0.6997E+00
0.1304E+06   0.1700E+02   0.7008E+00
0.1304E+06   0.1733E+02   0.7017E+00
0.1304E+06   0.1767E+02   0.7025E+00
0.1304E+06   0.1800E+02   0.7032E+00
0.1304E+06   0.1833E+02   0.7039E+00
0.1304E+06   0.1867E+02   0.7044E+00
0.1304E+06   0.1900E+02   0.7050E+00
0.1304E+06   0.1933E+02   0.7054E+00
0.1304E+06   0.1967E+02   0.7059E+00
0.1304E+06   0.2000E+02   0.7063E+00
0.1304E+06   0.2033E+02   0.7066E+00
0.1304E+06   0.2067E+02   0.7070E+00
0.1304E+06   0.2100E+02   0.7073E+00
0.1304E+06   0.2133E+02   0.7076E+00
0.1304E+06   0.2167E+02   0.7078E+00
0.1304E+06   0.2200E+02   0.7081E+00
0.1304E+06   0.2233E+02   0.7083E+00
0.1304E+06   0.2267E+02   0.7086E+00
0.1304E+06   0.2300E+02   0.7088E+00
0.1304E+06   0.2333E+02   0.7090E+00
0.1304E+06   0.2367E+02   0.7092E+00
0.1304E+06   0.2400E+02   0.7094E+00
0.1304E+06   0.2433E+02   0.7096E+00
0.1304E+06   0.2467E+02   0.7098E+00
0.1304E+06   0.2500E+02   0.7100E+00
0.9958E+05   0.2533E+02   0.7104E+00
0.9967E+05   0.2544E+02   0.7103E+00
0.9967E+05   0.2556E+02   0.7105E+00
0.9966E+05   0.2567E+02   0.7108E+00
0.9988E+05   0.2578E+02   0.7108E+00
0.9988E+05   0.2589E+02   0.7108E+00
0.9988E+05   0.2600E+02   0.7109E+00
0.1001E+06   0.2611E+02   0.7110E+00
0.1001E+06   0.2622E+02   0.7111E+00
0.1001E+06   0.2633E+02   0.7110E+00
0.1003E+06   0.2644E+02   0.7110E+00
0.1003E+06   0.2656E+02   0.7111E+00
0.8026E+05   0.2667E+02   0.7111E+00
0.8042E+05   0.2678E+02   0.7112E+00
0.8042E+05   0.2689E+02   0.7112E+00
0.8033E+05   0.2700E+02   0.7112E+00
0.8509E+05   0.2711E+02   0.7113E+00
0.8509E+05   0.2722E+02   0.7113E+00
0.8501E+05   0.2733E+02   0.7113E+00
0.8685E+05   0.2744E+02   0.7113E+00
0.8685E+05   0.2756E+02   0.7113E+00
0.8583E+05   0.2767E+02   0.7114E+00
0.8590E+05   0.2778E+02   0.7112E+00
0.8590E+05   0.2789E+02   0.7110E+00
0.1645E+04   0.2800E+02   0.7112E+00
0.3087E+04   0.2833E+02   0.7110E+00
0.3086E+04   0.2867E+02   0.7110E+00
0.3085E+04   0.2900E+02   0.7110E+00
0.3084E+04   0.2933E+02   0.7110E+00
0.3083E+04   0.2967E+02   0.7111E+00
0.3082E+04   0.3000E+02   0.7111E+00
0.3081E+04   0.3033E+02   0.7111E+00
0.3080E+04   0.3067E+02   0.7111E+00
0.3079E+04   0.3100E+02   0.7112E+00
0.3078E+04   0.3133E+02   0.7112E+00
0.3077E+04   0.3167E+02   0.7112E+00
0.3076E+04   0.3200E+02   0.7113E+00
0.3075E+04   0.3233E+02   0.7113E+00
0.3074E+04   0.3267E+02   0.7113E+00
0.3073E+04   0.3300E+02   0.7114E+00
0.3072E+04   0.3333E+02   0.7114E+00
0.3071E+04   0.3367E+02   0.7114E+00
0.3070E+04   0.3400E+02   0.7114E+00
0.3069E+04   0.3433E+02   0.7115E+00
0.3068E+04   0.3467E+02   0.7115E+00
0.3067E+04   0.3500E+02   0.7115E+00
0.3066E+04   0.3533E+02   0.7115E+00
0.3065E+04   0.3567E+02   0.7115E+00
0.3064E+04   0.3600E+02   0.7116E+00
0.3063E+04   0.3633E+02   0.7116E+00
0.3062E+04   0.3667E+02   0.7116E+00
0.3061E+04   0.3700E+02   0.7116E+00
0.3060E+04   0.3733E+02   0.7116E+00
0.3059E+04   0.3767E+02   0.7116E+00
0.3058E+04   0.3800E+02   0.7116E+00
0.3057E+04   0.3833E+02   0.7117E+00
0.3056E+04   0.3867E+02   0.7117E+00
0.3055E+04   0.3900E+02   0.7117E+00
0.3054E+04   0.3933E+02   0.7117E+00
0.3053E+04   0.3967E+02   0.7117E+00
0.3052E+04   0.4000E+02   0.7117E+00
0.3051E+04   0.4033E+02   0.7117E+00
0.3050E+04   0.4067E+02   0.7117E+00
0.3049E+04   0.4100E+02   0.7117E+00
0.3048E+04   0.4133E+02   0.7117E+00
0.3047E+04   0.4167E+02   0.7117E+00
0.3046E+04   0.4200E+02   0.7117E+00
0.3045E+04   0.4233E+02   0.7117E+00
0.3044E+04   0.4267E+02   0.7117E+00
0.3043E+04   0.4300E+02   0.7117E+00
0.2352E+04   0.4333E+02   0.7117E+00
