0.8320E+03   0.2204E-15   0.0000E+00
0.1199E+04   0.4500E+00   0.1234E+00
0.1198E+04   0.9000E+00   0.1223E+00
0.1197E+04   0.1350E+01   0.1205E+00
0.1196E+04   0.1800E+01   0.1180E+00
0.1195E+04   0.2250E+01   0.1148E+00
0.1194E+04   0.2700E+01   0.1109E+00
0.1193E+04   0.3150E+01   0.1063E+00
0.1200E+04   0.3600E+01   0.1009E+00
0.2351E+04   0.3800E+01   0.9835E-01
0.2352E+04   0.4000E+01   0.9563E-01
0.1856E+05   0.4153E+01   0.9887E-01
0.1856E+05   0.4382E+01   0.1026E+00
0.1856E+05   0.4724E+01   0.1065E+00
0.1856E+05   0.5235E+01   0.1096E+00
0.1584E+05   0.6000E+01   0.1106E+00
0.1584E+05   0.7431E+01   0.1074E+00
0.1585E+05   0.9091E+01   0.1001E+00
0.1585E+05   0.1102E+02   0.8993E-01
0.1585E+05   0.1325E+02   0.7795E-01
0.1585E+05   0.1584E+02   0.6535E-01
0.1585E+05   0.1885E+02   0.5321E-01
0.1585E+05   0.2234E+02   0.4229E-01
0.1585E+05   0.2639E+02   0.3300E-01
0.1585E+05   0.3108E+02   0.2544E-01
0.1585E+05   0.3653E+02   0.1952E-01
0.1586E+05   0.4285E+02   0.1505E-01
0.1586E+05   0.5018E+02   0.1188E-01
0.1586E+05   0.5869E+02   0.1000E-01
0.1586E+05   0.6855E+02   0.9699E-02
0.1586E+05   0.8000E+02   0.1280E-01
