0.2330E+05   -.8000E+02   0.4835E-01
0.2390E+05   -.6855E+02   0.5241E-01
0.2389E+05   -.5869E+02   0.5706E-01
0.2389E+05   -.5018E+02   0.6298E-01
0.2389E+05   -.4285E+02   0.7044E-01
0.2389E+05   -.3653E+02   0.7961E-01
0.2389E+05   -.3108E+02   0.9066E-01
0.2389E+05   -.2639E+02   0.1038E+00
0.2389E+05   -.2234E+02   0.1195E+00
0.2389E+05   -.1885E+02   0.1380E+00
0.2389E+05   -.1584E+02   0.1602E+00
0.2388E+05   -.1325E+02   0.1869E+00
0.2388E+05   -.1102E+02   0.2194E+00
0.2388E+05   -.9091E+01   0.2599E+00
0.2388E+05   -.7431E+01   0.3117E+00
0.1838E+05   -.6000E+01   0.3800E+00
0.1834E+05   -.5235E+01   0.4326E+00
0.1833E+05   -.4724E+01   0.4781E+00
0.1833E+05   -.4382E+01   0.5150E+00
0.1833E+05   -.4153E+01   0.5434E+00
0.4610E+03   -.4000E+01   0.5645E+00
0.4600E+03   -.3800E+01   0.5412E+00
0.4640E+03   -.3600E+01   0.5181E+00
0.8310E+03   -.3150E+01   0.4664E+00
0.8300E+03   -.2700E+01   0.4152E+00
0.8290E+03   -.2250E+01   0.3647E+00
0.8280E+03   -.1800E+01   0.3148E+00
0.8270E+03   -.1350E+01   0.2657E+00
0.8260E+03   -.9000E+00   0.2175E+00
0.8250E+03   -.4500E+00   0.1701E+00
0.8320E+03   -.6217E-14   -.1238E+00
0.1561E+04   0.4500E+00   -.7853E-01
0.1562E+04   0.9000E+00   -.3450E-01
0.1563E+04   0.1350E+01   0.8172E-02
0.1564E+04   0.1800E+01   0.4932E-01
0.1565E+04   0.2250E+01   0.8868E-01
0.1566E+04   0.2700E+01   0.1261E+00
0.1567E+04   0.3150E+01   0.1611E+00
0.1613E+04   0.3600E+01   0.1936E+00
0.3825E+04   0.3800E+01   0.2071E+00
0.3841E+04   0.4000E+01   0.2199E+00
0.1911E+05   0.4153E+01   0.1962E+00
0.1911E+05   0.4382E+01   0.1645E+00
0.1911E+05   0.4724E+01   0.1234E+00
0.1911E+05   0.5235E+01   0.7063E-01
0.1916E+05   0.6000E+01   0.0000E+00
