0.8320E+03   0.2204E-15   -.1238E+00
0.1199E+04   0.4500E+00   0.8126E-01
0.1198E+04   0.9000E+00   0.1624E+00
0.1197E+04   0.1350E+01   0.2434E+00
0.1196E+04   0.1800E+01   0.3241E+00
0.1195E+04   0.2250E+01   0.4044E+00
0.1194E+04   0.2700E+01   0.4843E+00
0.1193E+04   0.3150E+01   0.5637E+00
0.1200E+04   0.3600E+01   0.6424E+00
0.2351E+04   0.3800E+01   0.6771E+00
0.2352E+04   0.4000E+01   0.7117E+00
0.1856E+05   0.4153E+01   0.6930E+00
0.1856E+05   0.4382E+01   0.6672E+00
0.1856E+05   0.4724E+01   0.6327E+00
0.1856E+05   0.5235E+01   0.5889E+00
0.1584E+05   0.6000E+01   0.5367E+00
0.1584E+05   0.7431E+01   0.4658E+00
0.1585E+05   0.9091E+01   0.4107E+00
0.1585E+05   0.1102E+02   0.3661E+00
0.1585E+05   0.1325E+02   0.3281E+00
0.1585E+05   0.1584E+02   0.2944E+00
0.1585E+05   0.1885E+02   0.2638E+00
0.1585E+05   0.2234E+02   0.2359E+00
0.1585E+05   0.2639E+02   0.2109E+00
0.1585E+05   0.3108E+02   0.1888E+00
0.1585E+05   0.3653E+02   0.1698E+00
0.1586E+05   0.4285E+02   0.1538E+00
0.1586E+05   0.5018E+02   0.1408E+00
0.1586E+05   0.5869E+02   0.1306E+00
0.1586E+05   0.6855E+02   0.1226E+00
0.1586E+05   0.8000E+02   0.1149E+00
