0.1403E+06   0.0000E+00   -.2211E+01
0.1403E+06   0.1322E+01   -.2212E+01
0.1403E+06   0.2500E+01   -.2214E+01
0.1403E+06   0.3550E+01   -.2218E+01
0.1403E+06   0.4486E+01   -.2223E+01
0.1403E+06   0.5320E+01   -.2230E+01
0.1403E+06   0.6064E+01   -.2238E+01
0.1403E+06   0.6727E+01   -.2247E+01
0.1403E+06   0.7318E+01   -.2256E+01
0.1403E+06   0.7845E+01   -.2262E+01
0.1403E+06   0.8315E+01   -.2255E+01
0.1403E+06   0.8733E+01   -.2241E+01
0.1403E+06   0.9107E+01   -.2175E+01
0.1403E+06   0.9439E+01   -.2170E+01
0.1403E+06   0.9736E+01   -.1975E+01
0.1297E+06   0.1000E+02   -.2818E+01
0.1296E+06   0.1033E+02   0.3655E+00
0.1296E+06   0.1067E+02   -.2084E+00
0.1296E+06   0.1100E+02   0.3525E-01
0.1296E+06   0.1133E+02   -.6923E-01
0.1296E+06   0.1167E+02   -.3277E-01
0.1296E+06   0.1200E+02   -.5125E-01
0.1296E+06   0.1233E+02   -.4589E-01
0.1296E+06   0.1267E+02   -.4952E-01
0.1296E+06   0.1300E+02   -.4906E-01
0.1296E+06   0.1333E+02   -.5003E-01
0.1297E+06   0.1367E+02   -.5023E-01
0.1297E+06   0.1400E+02   -.5062E-01
0.1297E+06   0.1433E+02   -.5084E-01
0.1297E+06   0.1467E+02   -.5105E-01
0.1297E+06   0.1500E+02   -.5121E-01
0.1297E+06   0.1533E+02   -.5135E-01
0.1297E+06   0.1567E+02   -.5146E-01
0.1297E+06   0.1600E+02   -.5156E-01
0.1297E+06   0.1633E+02   -.5164E-01
0.1297E+06   0.1667E+02   -.5171E-01
0.1297E+06   0.1700E+02   -.5177E-01
0.1297E+06   0.1733E+02   -.5182E-01
0.1297E+06   0.1767E+02   -.5187E-01
0.1297E+06   0.1800E+02   -.5191E-01
0.1297E+06   0.1833E+02   -.5194E-01
0.1297E+06   0.1867E+02   -.5198E-01
0.1297E+06   0.1900E+02   -.5200E-01
0.1297E+06   0.1933E+02   -.5203E-01
0.1297E+06   0.1967E+02   -.5205E-01
0.1297E+06   0.2000E+02   -.5207E-01
0.1297E+06   0.2033E+02   -.5209E-01
0.1297E+06   0.2067E+02   -.5211E-01
0.1297E+06   0.2100E+02   -.5213E-01
0.1297E+06   0.2133E+02   -.5214E-01
0.1297E+06   0.2167E+02   -.5216E-01
0.1297E+06   0.2200E+02   -.5217E-01
0.1297E+06   0.2233E+02   -.5218E-01
0.1297E+06   0.2267E+02   -.5220E-01
0.1297E+06   0.2300E+02   -.5220E-01
0.1297E+06   0.2333E+02   -.5222E-01
0.1297E+06   0.2367E+02   -.5221E-01
0.1297E+06   0.2400E+02   -.5227E-01
0.1297E+06   0.2433E+02   -.5219E-01
0.1297E+06   0.2467E+02   -.5251E-01
0.1297E+06   0.2500E+02   -.5293E-01
0.1068E+06   0.2533E+02   -.3544E-01
0.1068E+06   0.2544E+02   -.9227E-02
0.1068E+06   0.2556E+02   -.1230E-01
0.1068E+06   0.2567E+02   -.2889E-01
0.1070E+06   0.2578E+02   -.4340E-01
0.1070E+06   0.2589E+02   -.1136E-01
0.1064E+06   0.2600E+02   -.7231E-02
0.1135E+06   0.2610E+02   -.9660E-02
0.1135E+06   0.2618E+02   -.1792E-02
0.1135E+06   0.2626E+02   -.1996E-01
0.1135E+06   0.2633E+02   -.1374E-02
0.1135E+06   0.2644E+02   -.2121E-01
0.1135E+06   0.2656E+02   -.3397E-01
0.7234E+05   0.2667E+02   -.7640E-02
0.7242E+05   0.2678E+02   -.3397E-01
0.7243E+05   0.2689E+02   -.2121E-01
0.7242E+05   0.2700E+02   -.1374E-02
0.7242E+05   0.2708E+02   -.1996E-01
0.7242E+05   0.2716E+02   -.1794E-02
0.7241E+05   0.2723E+02   -.9664E-02
0.7526E+05   0.2733E+02   -.7234E-02
0.8683E+05   0.2744E+02   -.1137E-01
0.8683E+05   0.2756E+02   -.4343E-01
0.8583E+05   0.2767E+02   -.2891E-01
0.8592E+05   0.2778E+02   -.1230E-01
0.8592E+05   0.2789E+02   -.9242E-02
0.3119E+04   0.2800E+02   -.3544E-01
0.4561E+04   0.2833E+02   -.5301E-01
0.4560E+04   0.2867E+02   -.5256E-01
0.4559E+04   0.2900E+02   -.5226E-01
0.4558E+04   0.2933E+02   -.5235E-01
0.4557E+04   0.2967E+02   -.5230E-01
0.4556E+04   0.3000E+02   -.5233E-01
0.4555E+04   0.3033E+02   -.5232E-01
0.4554E+04   0.3067E+02   -.5232E-01
0.4553E+04   0.3100E+02   -.5232E-01
0.4552E+04   0.3133E+02   -.5232E-01
0.4551E+04   0.3167E+02   -.5232E-01
0.4550E+04   0.3200E+02   -.5233E-01
0.4549E+04   0.3233E+02   -.5233E-01
0.4548E+04   0.3267E+02   -.5233E-01
0.4547E+04   0.3300E+02   -.5233E-01
0.4546E+04   0.3333E+02   -.5233E-01
0.4545E+04   0.3367E+02   -.5233E-01
0.4544E+04   0.3400E+02   -.5233E-01
0.4543E+04   0.3433E+02   -.5234E-01
0.4542E+04   0.3467E+02   -.5234E-01
0.4541E+04   0.3500E+02   -.5234E-01
0.4540E+04   0.3533E+02   -.5234E-01
0.4539E+04   0.3567E+02   -.5234E-01
0.4538E+04   0.3600E+02   -.5234E-01
0.4537E+04   0.3633E+02   -.5234E-01
0.4536E+04   0.3667E+02   -.5234E-01
0.4535E+04   0.3700E+02   -.5234E-01
0.4534E+04   0.3733E+02   -.5234E-01
0.4533E+04   0.3767E+02   -.5234E-01
0.4532E+04   0.3800E+02   -.5235E-01
0.4531E+04   0.3833E+02   -.5235E-01
0.4530E+04   0.3867E+02   -.5235E-01
0.4529E+04   0.3900E+02   -.5235E-01
0.4528E+04   0.3933E+02   -.5235E-01
0.4527E+04   0.3967E+02   -.5235E-01
0.4526E+04   0.4000E+02   -.5235E-01
0.4525E+04   0.4033E+02   -.5235E-01
0.4524E+04   0.4067E+02   -.5235E-01
0.4523E+04   0.4100E+02   -.5235E-01
0.4522E+04   0.4133E+02   -.5235E-01
0.4521E+04   0.4167E+02   -.5235E-01
0.4520E+04   0.4200E+02   -.5235E-01
0.4519E+04   0.4233E+02   -.5235E-01
0.4518E+04   0.4267E+02   -.5235E-01
0.4517E+04   0.4300E+02   -.5235E-01
0.3841E+04   0.4333E+02   -.5235E-01
