0.8320E+03   0.2204E-15   0.0000E+00
0.1199E+04   0.4500E+00   0.0000E+00
0.1198E+04   0.9000E+00   0.0000E+00
0.1197E+04   0.1350E+01   0.0000E+00
0.1196E+04   0.1800E+01   0.0000E+00
0.1195E+04   0.2250E+01   0.0000E+00
0.1194E+04   0.2700E+01   0.0000E+00
0.1193E+04   0.3150E+01   0.0000E+00
0.1200E+04   0.3600E+01   0.0000E+00
0.2351E+04   0.3800E+01   0.0000E+00
0.2352E+04   0.4000E+01   -.5996E-01
0.1856E+05   0.4153E+01   -.1579E+00
0.1856E+05   0.4382E+01   -.3467E+00
0.1856E+05   0.4724E+01   -.5855E+00
0.1856E+05   0.5235E+01   -.8683E+00
0.1584E+05   0.6000E+01   -.1183E+01
0.1584E+05   0.7431E+01   -.1499E+01
0.1585E+05   0.9091E+01   -.1722E+01
0.1585E+05   0.1102E+02   -.1859E+01
0.1585E+05   0.1325E+02   -.1946E+01
0.1585E+05   0.1584E+02   -.2004E+01
0.1585E+05   0.1885E+02   -.2048E+01
0.1585E+05   0.2234E+02   -.2083E+01
0.1585E+05   0.2639E+02   -.2111E+01
0.1585E+05   0.3108E+02   -.2135E+01
0.1585E+05   0.3653E+02   -.2154E+01
0.1586E+05   0.4285E+02   -.2169E+01
0.1586E+05   0.5018E+02   -.2181E+01
0.1586E+05   0.5869E+02   -.2190E+01
0.1586E+05   0.6855E+02   -.2197E+01
0.1586E+05   0.8000E+02   -.2197E+01
