0.2330E+05   -.8000E+02   -.2200E+01
0.2390E+05   -.6855E+02   -.2199E+01
0.2389E+05   -.5869E+02   -.2196E+01
0.2389E+05   -.5018E+02   -.2193E+01
0.2389E+05   -.4285E+02   -.2187E+01
0.2389E+05   -.3653E+02   -.2180E+01
0.2389E+05   -.3108E+02   -.2170E+01
0.2389E+05   -.2639E+02   -.2157E+01
0.2389E+05   -.2234E+02   -.2139E+01
0.2389E+05   -.1885E+02   -.2114E+01
0.2389E+05   -.1584E+02   -.2079E+01
0.2388E+05   -.1325E+02   -.2026E+01
0.2388E+05   -.1102E+02   -.1948E+01
0.2388E+05   -.9091E+01   -.1827E+01
0.2388E+05   -.7431E+01   -.1630E+01
0.1838E+05   -.6000E+01   -.1328E+01
0.1834E+05   -.5235E+01   -.1011E+01
0.1833E+05   -.4724E+01   -.7043E+00
0.1833E+05   -.4382E+01   -.4267E+00
0.1833E+05   -.4153E+01   -.1950E+00
0.4610E+03   -.4000E+01   -.6239E-01
0.4600E+03   -.3800E+01   0.0000E+00
0.4640E+03   -.3600E+01   0.0000E+00
0.8310E+03   -.3150E+01   0.0000E+00
0.8300E+03   -.2700E+01   0.0000E+00
0.8290E+03   -.2250E+01   0.0000E+00
0.8280E+03   -.1800E+01   0.0000E+00
0.8270E+03   -.1350E+01   0.0000E+00
0.8260E+03   -.9000E+00   0.0000E+00
0.8250E+03   -.4500E+00   0.0000E+00
0.8320E+03   -.6217E-14   0.0000E+00
0.1561E+04   0.4500E+00   0.0000E+00
0.1562E+04   0.9000E+00   0.0000E+00
0.1563E+04   0.1350E+01   0.0000E+00
0.1564E+04   0.1800E+01   0.0000E+00
0.1565E+04   0.2250E+01   0.0000E+00
0.1566E+04   0.2700E+01   0.0000E+00
0.1567E+04   0.3150E+01   0.0000E+00
0.1613E+04   0.3600E+01   0.0000E+00
0.3825E+04   0.3800E+01   0.0000E+00
0.3841E+04   0.4000E+01   -.5235E-01
0.1911E+05   0.4153E+01   -.2215E+00
0.1911E+05   0.4382E+01   -.4687E+00
0.1911E+05   0.4724E+01   -.7174E+00
0.1911E+05   0.5235E+01   -.9202E+00
0.1916E+05   0.6000E+01   -.1005E+01
