0.1403E+06   0.0000E+00   -.2214E+01
0.1403E+06   0.1322E+01   -.2217E+01
0.1403E+06   0.2500E+01   -.2221E+01
0.1403E+06   0.3550E+01   -.2226E+01
0.1403E+06   0.4486E+01   -.2234E+01
0.1403E+06   0.5320E+01   -.2245E+01
0.1403E+06   0.6064E+01   -.2260E+01
0.1403E+06   0.6727E+01   -.2281E+01
0.1403E+06   0.7318E+01   -.2312E+01
0.1403E+06   0.7845E+01   -.2354E+01
0.1403E+06   0.8315E+01   -.2418E+01
0.1403E+06   0.8733E+01   -.2494E+01
0.1403E+06   0.9107E+01   -.2632E+01
0.1403E+06   0.9439E+01   -.2710E+01
0.1403E+06   0.9736E+01   -.3223E+01
0.1297E+06   0.1000E+02   -.3188E+01
0.1296E+06   0.1033E+02   -.4827E+01
0.1296E+06   0.1067E+02   -.4752E+01
0.1296E+06   0.1100E+02   -.5349E+01
0.1296E+06   0.1133E+02   -.5489E+01
0.1296E+06   0.1167E+02   -.5685E+01
0.1296E+06   0.1200E+02   -.5784E+01
0.1296E+06   0.1233E+02   -.5876E+01
0.1296E+06   0.1267E+02   -.5939E+01
0.1296E+06   0.1300E+02   -.5992E+01
0.1296E+06   0.1333E+02   -.6033E+01
0.1297E+06   0.1367E+02   -.6067E+01
0.1297E+06   0.1400E+02   -.6094E+01
0.1297E+06   0.1433E+02   -.6116E+01
0.1297E+06   0.1467E+02   -.6135E+01
0.1297E+06   0.1500E+02   -.6150E+01
0.1297E+06   0.1533E+02   -.6163E+01
0.1297E+06   0.1567E+02   -.6175E+01
0.1297E+06   0.1600E+02   -.6184E+01
0.1297E+06   0.1633E+02   -.6192E+01
0.1297E+06   0.1667E+02   -.6200E+01
0.1297E+06   0.1700E+02   -.6206E+01
0.1297E+06   0.1733E+02   -.6212E+01
0.1297E+06   0.1767E+02   -.6216E+01
0.1297E+06   0.1800E+02   -.6221E+01
0.1297E+06   0.1833E+02   -.6225E+01
0.1297E+06   0.1867E+02   -.6228E+01
0.1297E+06   0.1900E+02   -.6231E+01
0.1297E+06   0.1933E+02   -.6234E+01
0.1297E+06   0.1967E+02   -.6237E+01
0.1297E+06   0.2000E+02   -.6239E+01
0.1297E+06   0.2033E+02   -.6241E+01
0.1297E+06   0.2067E+02   -.6243E+01
0.1297E+06   0.2100E+02   -.6245E+01
0.1297E+06   0.2133E+02   -.6247E+01
0.1297E+06   0.2167E+02   -.6249E+01
0.1297E+06   0.2200E+02   -.6250E+01
0.1297E+06   0.2233E+02   -.6252E+01
0.1297E+06   0.2267E+02   -.6253E+01
0.1297E+06   0.2300E+02   -.6254E+01
0.1297E+06   0.2333E+02   -.6256E+01
0.1297E+06   0.2367E+02   -.6257E+01
0.1297E+06   0.2400E+02   -.6258E+01
0.1297E+06   0.2433E+02   -.6259E+01
0.1297E+06   0.2467E+02   -.6261E+01
0.1297E+06   0.2500E+02   -.6264E+01
0.1068E+06   0.2533E+02   -.6355E+01
0.1068E+06   0.2544E+02   -.6361E+01
0.1068E+06   0.2556E+02   -.6373E+01
0.1068E+06   0.2567E+02   -.6352E+01
0.1070E+06   0.2578E+02   -.6326E+01
0.1070E+06   0.2589E+02   -.6383E+01
0.1064E+06   0.2600E+02   -.6382E+01
0.1135E+06   0.2610E+02   -.6369E+01
0.1135E+06   0.2618E+02   -.6393E+01
0.1135E+06   0.2626E+02   -.6370E+01
0.1135E+06   0.2633E+02   -.6392E+01
0.1135E+06   0.2644E+02   -.6376E+01
0.1135E+06   0.2656E+02   -.6343E+01
0.7234E+05   0.2667E+02   -.6383E+01
0.7242E+05   0.2678E+02   -.6344E+01
0.7243E+05   0.2689E+02   -.6376E+01
0.7242E+05   0.2700E+02   -.6393E+01
0.7242E+05   0.2708E+02   -.6371E+01
0.7242E+05   0.2716E+02   -.6394E+01
0.7241E+05   0.2723E+02   -.6371E+01
0.7526E+05   0.2733E+02   -.6384E+01
0.8683E+05   0.2744E+02   -.6386E+01
0.8683E+05   0.2756E+02   -.6329E+01
0.8583E+05   0.2767E+02   -.6356E+01
0.8592E+05   0.2778E+02   -.6377E+01
0.8592E+05   0.2789E+02   -.6365E+01
0.3119E+04   0.2800E+02   -.6360E+01
0.4561E+04   0.2833E+02   -.6270E+01
0.4560E+04   0.2867E+02   -.6268E+01
0.4559E+04   0.2900E+02   -.6268E+01
0.4558E+04   0.2933E+02   -.6268E+01
0.4557E+04   0.2967E+02   -.6268E+01
0.4556E+04   0.3000E+02   -.6268E+01
0.4555E+04   0.3033E+02   -.6268E+01
0.4554E+04   0.3067E+02   -.6269E+01
0.4553E+04   0.3100E+02   -.6269E+01
0.4552E+04   0.3133E+02   -.6269E+01
0.4551E+04   0.3167E+02   -.6269E+01
0.4550E+04   0.3200E+02   -.6269E+01
0.4549E+04   0.3233E+02   -.6270E+01
0.4548E+04   0.3267E+02   -.6270E+01
0.4547E+04   0.3300E+02   -.6270E+01
0.4546E+04   0.3333E+02   -.6270E+01
0.4545E+04   0.3367E+02   -.6270E+01
0.4544E+04   0.3400E+02   -.6270E+01
0.4543E+04   0.3433E+02   -.6271E+01
0.4542E+04   0.3467E+02   -.6271E+01
0.4541E+04   0.3500E+02   -.6271E+01
0.4540E+04   0.3533E+02   -.6271E+01
0.4539E+04   0.3567E+02   -.6271E+01
0.4538E+04   0.3600E+02   -.6271E+01
0.4537E+04   0.3633E+02   -.6271E+01
0.4536E+04   0.3667E+02   -.6271E+01
0.4535E+04   0.3700E+02   -.6272E+01
0.4534E+04   0.3733E+02   -.6272E+01
0.4533E+04   0.3767E+02   -.6272E+01
0.4532E+04   0.3800E+02   -.6272E+01
0.4531E+04   0.3833E+02   -.6272E+01
0.4530E+04   0.3867E+02   -.6272E+01
0.4529E+04   0.3900E+02   -.6272E+01
0.4528E+04   0.3933E+02   -.6272E+01
0.4527E+04   0.3967E+02   -.6272E+01
0.4526E+04   0.4000E+02   -.6272E+01
0.4525E+04   0.4033E+02   -.6272E+01
0.4524E+04   0.4067E+02   -.6272E+01
0.4523E+04   0.4100E+02   -.6272E+01
0.4522E+04   0.4133E+02   -.6272E+01
0.4521E+04   0.4167E+02   -.6272E+01
0.4520E+04   0.4200E+02   -.6272E+01
0.4519E+04   0.4233E+02   -.6272E+01
0.4518E+04   0.4267E+02   -.6272E+01
0.4517E+04   0.4300E+02   -.6272E+01
0.3841E+04   0.4333E+02   -.6272E+01
