0.1032E+03   0.1336E-02   0.1126E-01
0.2032E+03   0.2717E-03   0.1153E-01
0.3032E+03   0.4784E-04   0.1158E-01
0.4032E+03   0.5205E-05   0.1158E-01
0.5032E+03   0.4966E-06   0.1158E-01
0.6032E+03   0.8685E-07   0.1158E-01
0.7032E+03   0.1570E-07   0.1158E-01
0.8032E+03   0.2324E-08   0.1158E-01
0.9032E+03   0.4057E-09   0.1158E-01
0.1003E+04   0.1166E-09   0.1158E-01
0.1103E+04   0.8858E-10   0.1158E-01
0.1203E+04   0.7300E-10   0.1158E-01
0.1303E+04   0.5267E-10   0.1158E-01
0.1403E+04   0.3197E-10   0.1158E-01
0.1503E+04   0.1733E-10   0.1158E-01
0.1603E+04   0.8873E-11   0.1158E-01
0.1703E+04   0.4388E-11   0.1158E-01
0.1803E+04   0.2139E-11   0.1158E-01
0.1903E+04   0.1036E-11   0.1158E-01
0.2003E+04   0.4998E-12   0.1158E-01
0.2103E+04   0.2409E-12   0.1158E-01
0.2203E+04   0.1161E-12   0.1158E-01
0.2303E+04   0.5593E-13   0.1158E-01
0.2403E+04   0.2697E-13   0.1158E-01
0.2503E+04   0.1302E-13   0.1158E-01
0.2603E+04   0.6287E-14   0.1158E-01
0.2703E+04   0.3041E-14   0.1158E-01
0.2803E+04   0.1471E-14   0.1158E-01
0.2903E+04   0.7112E-15   0.1158E-01
0.3003E+04   0.3435E-15   0.1158E-01
0.0000E+00   0.0000E+00   0.0000E+00
0.0000E+00   0.0000E+00   0.0000E+00
0.0000E+00   0.0000E+00   0.0000E+00
0.0000E+00   0.0000E+00   0.0000E+00
0.0000E+00   0.0000E+00   0.0000E+00
0.0000E+00   0.0000E+00   0.0000E+00
0.0000E+00   0.0000E+00   0.0000E+00
0.0000E+00   0.0000E+00   0.0000E+00
0.0000E+00   0.0000E+00   0.0000E+00
0.0000E+00   0.0000E+00   0.0000E+00
0.0000E+00   0.0000E+00   0.0000E+00
0.0000E+00   0.0000E+00   0.0000E+00
0.0000E+00   0.0000E+00   0.0000E+00
0.0000E+00   0.0000E+00   0.0000E+00
0.0000E+00   0.0000E+00   0.0000E+00
0.0000E+00   0.0000E+00   0.0000E+00
0.0000E+00   0.0000E+00   0.0000E+00
0.0000E+00   0.0000E+00   0.0000E+00
0.0000E+00   0.0000E+00   0.0000E+00
0.0000E+00   0.0000E+00   0.0000E+00
0.0000E+00   0.0000E+00   0.0000E+00
0.0000E+00   0.0000E+00   0.0000E+00
0.0000E+00   0.0000E+00   0.0000E+00
0.0000E+00   0.0000E+00   0.0000E+00
0.0000E+00   0.0000E+00   0.0000E+00
0.0000E+00   0.0000E+00   0.0000E+00
0.0000E+00   0.0000E+00   0.0000E+00
0.0000E+00   0.0000E+00   0.0000E+00
0.0000E+00   0.0000E+00   0.0000E+00
0.0000E+00   0.0000E+00   0.0000E+00
0.0000E+00   0.0000E+00   0.0000E+00
0.0000E+00   0.0000E+00   0.0000E+00
0.0000E+00   0.0000E+00   0.0000E+00
0.0000E+00   0.0000E+00   0.0000E+00
0.0000E+00   0.0000E+00   0.0000E+00
0.0000E+00   0.0000E+00   0.0000E+00
0.0000E+00   0.0000E+00   0.0000E+00
0.0000E+00   0.0000E+00   0.0000E+00
0.0000E+00   0.0000E+00   0.0000E+00
0.0000E+00   0.0000E+00   0.0000E+00
0.0000E+00   0.0000E+00   0.0000E+00
0.0000E+00   0.0000E+00   0.0000E+00
0.0000E+00   0.0000E+00   0.0000E+00
0.0000E+00   0.0000E+00   0.0000E+00
0.0000E+00   0.0000E+00   0.0000E+00
0.0000E+00   0.0000E+00   0.0000E+00
0.0000E+00   0.0000E+00   0.0000E+00
0.0000E+00   0.0000E+00   0.0000E+00
0.0000E+00   0.0000E+00   0.0000E+00
0.0000E+00   0.0000E+00   0.0000E+00
0.0000E+00   0.0000E+00   0.0000E+00
0.0000E+00   0.0000E+00   0.0000E+00
0.0000E+00   0.0000E+00   0.0000E+00
0.0000E+00   0.0000E+00   0.0000E+00
0.0000E+00   0.0000E+00   0.0000E+00
0.0000E+00   0.0000E+00   0.0000E+00
0.0000E+00   0.0000E+00   0.0000E+00
0.0000E+00   0.0000E+00   0.0000E+00
0.0000E+00   0.0000E+00   0.0000E+00
0.0000E+00   0.0000E+00   0.0000E+00
0.0000E+00   0.0000E+00   0.0000E+00
0.0000E+00   0.0000E+00   0.0000E+00
0.0000E+00   0.0000E+00   0.0000E+00
0.0000E+00   0.0000E+00   0.0000E+00
0.0000E+00   0.0000E+00   0.0000E+00
0.0000E+00   0.0000E+00   0.0000E+00
0.0000E+00   0.0000E+00   0.0000E+00
0.0000E+00   0.0000E+00   0.0000E+00
0.0000E+00   0.0000E+00   0.0000E+00
0.0000E+00   0.0000E+00   0.0000E+00
0.0000E+00   0.0000E+00   0.0000E+00
0.0000E+00   0.0000E+00   0.0000E+00
0.0000E+00   0.0000E+00   0.0000E+00
0.0000E+00   0.0000E+00   0.0000E+00
0.0000E+00   0.0000E+00   0.0000E+00
0.0000E+00   0.0000E+00   0.0000E+00
0.0000E+00   0.0000E+00   0.0000E+00
0.0000E+00   0.0000E+00   0.0000E+00
0.0000E+00   0.0000E+00   0.0000E+00
0.0000E+00   0.0000E+00   0.0000E+00
0.0000E+00   0.0000E+00   0.0000E+00
0.0000E+00   0.0000E+00   0.0000E+00
0.0000E+00   0.0000E+00   0.0000E+00
0.0000E+00   0.0000E+00   0.0000E+00
0.0000E+00   0.0000E+00   0.0000E+00
0.0000E+00   0.0000E+00   0.0000E+00
0.0000E+00   0.0000E+00   0.0000E+00
0.0000E+00   0.0000E+00   0.0000E+00
0.0000E+00   0.0000E+00   0.0000E+00
0.0000E+00   0.0000E+00   0.0000E+00
0.0000E+00   0.0000E+00   0.0000E+00
0.0000E+00   0.0000E+00   0.0000E+00
0.0000E+00   0.0000E+00   0.0000E+00
0.0000E+00   0.0000E+00   0.0000E+00
0.0000E+00   0.0000E+00   0.0000E+00
0.0000E+00   0.0000E+00   0.0000E+00
0.0000E+00   0.0000E+00   0.0000E+00
0.0000E+00   0.0000E+00   0.0000E+00
0.0000E+00   0.0000E+00   0.0000E+00
0.0000E+00   0.0000E+00   0.0000E+00
0.0000E+00   0.0000E+00   0.0000E+00
0.0000E+00   0.0000E+00   0.0000E+00
0.0000E+00   0.0000E+00   0.0000E+00
0.0000E+00   0.0000E+00   0.0000E+00
0.0000E+00   0.0000E+00   0.0000E+00
0.0000E+00   0.0000E+00   0.0000E+00
0.0000E+00   0.0000E+00   0.0000E+00
0.0000E+00   0.0000E+00   0.0000E+00
0.0000E+00   0.0000E+00   0.0000E+00
0.0000E+00   0.0000E+00   0.0000E+00
0.0000E+00   0.0000E+00   0.0000E+00
0.0000E+00   0.0000E+00   0.0000E+00
0.0000E+00   0.0000E+00   0.0000E+00
0.0000E+00   0.0000E+00   0.0000E+00
0.0000E+00   0.0000E+00   0.0000E+00
0.0000E+00   0.0000E+00   0.0000E+00
0.0000E+00   0.0000E+00   0.0000E+00
0.0000E+00   0.0000E+00   0.0000E+00
0.0000E+00   0.0000E+00   0.0000E+00
0.0000E+00   0.0000E+00   0.0000E+00
0.0000E+00   0.0000E+00   0.0000E+00
0.0000E+00   0.0000E+00   0.0000E+00
0.0000E+00   0.0000E+00   0.0000E+00
0.0000E+00   0.0000E+00   0.0000E+00
0.0000E+00   0.0000E+00   0.0000E+00
0.0000E+00   0.0000E+00   0.0000E+00
0.0000E+00   0.0000E+00   0.0000E+00
