0.1197E+06   0.0000E+00   0.5042E-02
0.1197E+06   0.1322E+01   0.5550E-02
0.1197E+06   0.2500E+01   0.6484E-02
0.1197E+06   0.3550E+01   0.7798E-02
0.1197E+06   0.4486E+01   0.9463E-02
0.1197E+06   0.5320E+01   0.1145E-01
0.1197E+06   0.6064E+01   0.1374E-01
0.1197E+06   0.6727E+01   0.1625E-01
0.1197E+06   0.7318E+01   0.1894E-01
0.1197E+06   0.7845E+01   0.2171E-01
0.1197E+06   0.8315E+01   0.2446E-01
0.1197E+06   0.8733E+01   0.2709E-01
0.1197E+06   0.9107E+01   0.2949E-01
0.1197E+06   0.9439E+01   0.3157E-01
0.1197E+06   0.9736E+01   0.3315E-01
0.1099E+06   0.1000E+02   0.3444E-01
0.1099E+06   0.1033E+02   0.3809E-01
0.1099E+06   0.1067E+02   0.4100E-01
0.1099E+06   0.1100E+02   0.4396E-01
0.1099E+06   0.1133E+02   0.4681E-01
0.1099E+06   0.1167E+02   0.4955E-01
0.1099E+06   0.1200E+02   0.5214E-01
0.1099E+06   0.1233E+02   0.5457E-01
0.1099E+06   0.1267E+02   0.5682E-01
0.1099E+06   0.1300E+02   0.5888E-01
0.1099E+06   0.1333E+02   0.6075E-01
0.1099E+06   0.1367E+02   0.6244E-01
0.1099E+06   0.1400E+02   0.6396E-01
0.1099E+06   0.1433E+02   0.6531E-01
0.1099E+06   0.1467E+02   0.6652E-01
0.1099E+06   0.1500E+02   0.6760E-01
0.1099E+06   0.1533E+02   0.6856E-01
0.1099E+06   0.1567E+02   0.6941E-01
0.1099E+06   0.1600E+02   0.7017E-01
0.1099E+06   0.1633E+02   0.7085E-01
0.1099E+06   0.1667E+02   0.7145E-01
0.1099E+06   0.1700E+02   0.7199E-01
0.1099E+06   0.1733E+02   0.7248E-01
0.1099E+06   0.1767E+02   0.7291E-01
0.1099E+06   0.1800E+02   0.7331E-01
0.1099E+06   0.1833E+02   0.7366E-01
0.1099E+06   0.1867E+02   0.7399E-01
0.1099E+06   0.1900E+02   0.7428E-01
0.1099E+06   0.1933E+02   0.7455E-01
0.1099E+06   0.1967E+02   0.7479E-01
0.1099E+06   0.2000E+02   0.7502E-01
0.1099E+06   0.2033E+02   0.7523E-01
0.1099E+06   0.2067E+02   0.7542E-01
0.1099E+06   0.2100E+02   0.7559E-01
0.1099E+06   0.2133E+02   0.7575E-01
0.1099E+06   0.2167E+02   0.7591E-01
0.1099E+06   0.2200E+02   0.7605E-01
0.1099E+06   0.2233E+02   0.7618E-01
0.1099E+06   0.2267E+02   0.7630E-01
0.1099E+06   0.2300E+02   0.7641E-01
0.1099E+06   0.2333E+02   0.7652E-01
0.1099E+06   0.2367E+02   0.7662E-01
0.1099E+06   0.2400E+02   0.7671E-01
0.1099E+06   0.2433E+02   0.7679E-01
0.1099E+06   0.2467E+02   0.7686E-01
0.8694E+05   0.2500E+02   0.7693E-01
0.8708E+05   0.2517E+02   0.7701E-01
0.8708E+05   0.2533E+02   0.7711E-01
0.8722E+05   0.2550E+02   0.7697E-01
0.8722E+05   0.2567E+02   0.7713E-01
0.8729E+05   0.2583E+02   0.7703E-01
0.8729E+05   0.2600E+02   0.7705E-01
0.8737E+05   0.2617E+02   0.7714E-01
0.8736E+05   0.2633E+02   0.7715E-01
0.8744E+05   0.2650E+02   0.7717E-01
0.6616E+05   0.2667E+02   0.7714E-01
0.6626E+05   0.2683E+02   0.7722E-01
0.6620E+05   0.2700E+02   0.7726E-01
0.6787E+05   0.2717E+02   0.7730E-01
0.6783E+05   0.2733E+02   0.7726E-01
0.6824E+05   0.2750E+02   0.7730E-01
0.6818E+05   0.2767E+02   0.7746E-01
0.6920E+05   0.2783E+02   0.7735E-01
0.6854E+05   0.2800E+02   0.7754E-01
0.6858E+05   0.2817E+02   0.7750E-01
0.1616E+04   0.2833E+02   0.7748E-01
0.3027E+04   0.2867E+02   0.7753E-01
0.3026E+04   0.2900E+02   0.7758E-01
0.3025E+04   0.2933E+02   0.7761E-01
0.3024E+04   0.2967E+02   0.7765E-01
0.3023E+04   0.3000E+02   0.7768E-01
0.3022E+04   0.3033E+02   0.7771E-01
0.3021E+04   0.3067E+02   0.7773E-01
0.3020E+04   0.3100E+02   0.7776E-01
0.3019E+04   0.3133E+02   0.7778E-01
0.3018E+04   0.3167E+02   0.7780E-01
0.3017E+04   0.3200E+02   0.7782E-01
0.3016E+04   0.3233E+02   0.7784E-01
0.3015E+04   0.3267E+02   0.7786E-01
0.3014E+04   0.3300E+02   0.7788E-01
0.3013E+04   0.3333E+02   0.7790E-01
0.3012E+04   0.3367E+02   0.7791E-01
0.3011E+04   0.3400E+02   0.7793E-01
0.3010E+04   0.3433E+02   0.7794E-01
0.3009E+04   0.3467E+02   0.7796E-01
0.3008E+04   0.3500E+02   0.7797E-01
0.3007E+04   0.3533E+02   0.7798E-01
0.3006E+04   0.3567E+02   0.7799E-01
0.3005E+04   0.3600E+02   0.7800E-01
0.3004E+04   0.3633E+02   0.7801E-01
0.3003E+04   0.3667E+02   0.7802E-01
0.3002E+04   0.3700E+02   0.7803E-01
0.3001E+04   0.3733E+02   0.7804E-01
0.3000E+04   0.3767E+02   0.7805E-01
0.2999E+04   0.3800E+02   0.7806E-01
0.2998E+04   0.3833E+02   0.7806E-01
0.2997E+04   0.3867E+02   0.7807E-01
0.2996E+04   0.3900E+02   0.7807E-01
0.2995E+04   0.3933E+02   0.7808E-01
0.2994E+04   0.3967E+02   0.7808E-01
0.2993E+04   0.4000E+02   0.7809E-01
0.2992E+04   0.4033E+02   0.7809E-01
0.2991E+04   0.4067E+02   0.7809E-01
0.2990E+04   0.4100E+02   0.7810E-01
0.2989E+04   0.4133E+02   0.7810E-01
0.2988E+04   0.4167E+02   0.7810E-01
0.2987E+04   0.4200E+02   0.7810E-01
0.2986E+04   0.4233E+02   0.7810E-01
0.2985E+04   0.4267E+02   0.7811E-01
0.2984E+04   0.4300E+02   0.7811E-01
0.2308E+04   0.4333E+02   0.7811E-01
