0.2248E+05   -.8000E+02   0.6525E-01
0.2302E+05   -.6809E+02   0.6970E-01
0.2302E+05   -.5797E+02   0.7462E-01
0.2302E+05   -.4938E+02   0.8092E-01
0.2302E+05   -.4207E+02   0.8883E-01
0.2302E+05   -.3587E+02   0.9846E-01
0.2302E+05   -.3059E+02   0.1099E+00
0.2302E+05   -.2611E+02   0.1233E+00
0.2302E+05   -.2230E+02   0.1387E+00
0.2301E+05   -.1907E+02   0.1565E+00
0.2301E+05   -.1632E+02   0.1768E+00
0.2301E+05   -.1398E+02   0.2001E+00
0.1741E+05   -.1200E+02   0.2265E+00
0.1736E+05   -.1005E+02   0.2620E+00
0.1736E+05   -.8530E+01   0.3008E+00
0.1736E+05   -.7334E+01   0.3423E+00
0.1736E+05   -.6396E+01   0.3856E+00
0.1736E+05   -.5661E+01   0.4295E+00
0.1736E+05   -.5084E+01   0.4730E+00
0.1736E+05   -.4632E+01   0.5148E+00
0.1736E+05   -.4278E+01   0.5539E+00
0.4570E+03   -.4000E+01   0.5896E+00
0.4560E+03   -.3800E+01   0.5641E+00
0.4600E+03   -.3600E+01   0.5387E+00
0.8190E+03   -.3150E+01   0.4814E+00
0.8180E+03   -.2700E+01   0.4243E+00
0.8170E+03   -.2250E+01   0.3673E+00
0.8160E+03   -.1800E+01   0.3104E+00
0.8150E+03   -.1350E+01   0.2537E+00
0.8140E+03   -.9000E+00   0.1972E+00
0.8130E+03   -.4500E+00   0.1407E+00
0.8200E+03   -.6217E-14   -.8450E-01
0.1533E+04   0.4500E+00   -.2844E-01
0.1534E+04   0.9000E+00   0.2745E-01
0.1535E+04   0.1350E+01   0.8314E-01
0.1536E+04   0.1800E+01   0.1386E+00
0.1537E+04   0.2250E+01   0.1939E+00
0.1538E+04   0.2700E+01   0.2489E+00
0.1539E+04   0.3150E+01   0.3037E+00
0.1584E+04   0.3600E+01   0.3581E+00
0.3750E+04   0.3800E+01   0.3823E+00
0.3766E+04   0.4000E+01   0.4063E+00
0.1847E+05   0.4278E+01   0.3701E+00
0.1847E+05   0.4632E+01   0.3305E+00
0.1847E+05   0.5084E+01   0.2881E+00
0.1848E+05   0.5661E+01   0.2437E+00
0.1848E+05   0.6396E+01   0.1980E+00
0.1848E+05   0.7334E+01   0.1516E+00
0.1848E+05   0.8530E+01   0.1044E+00
0.1848E+05   0.1005E+02   0.5520E-01
0.1852E+05   0.1200E+02   0.0000E+00
