0.1196E+06   0.0000E+00   0.0000E+00
0.1196E+06   0.1322E+01   0.0000E+00
0.1196E+06   0.2500E+01   0.0000E+00
0.1196E+06   0.3550E+01   0.0000E+00
0.1196E+06   0.4486E+01   0.0000E+00
0.1196E+06   0.5320E+01   0.0000E+00
0.1196E+06   0.6064E+01   0.0000E+00
0.1196E+06   0.6727E+01   0.0000E+00
0.1196E+06   0.7318E+01   0.0000E+00
0.1196E+06   0.7845E+01   0.0000E+00
0.1196E+06   0.8315E+01   0.0000E+00
0.1196E+06   0.8733E+01   0.0000E+00
0.1196E+06   0.9107E+01   0.0000E+00
0.1196E+06   0.9439E+01   0.0000E+00
0.1196E+06   0.9736E+01   0.0000E+00
0.1092E+06   0.1000E+02   0.0000E+00
0.1091E+06   0.1033E+02   0.0000E+00
0.1091E+06   0.1067E+02   0.0000E+00
0.1091E+06   0.1100E+02   0.0000E+00
0.1091E+06   0.1133E+02   0.0000E+00
0.1092E+06   0.1167E+02   0.0000E+00
0.1092E+06   0.1200E+02   0.0000E+00
0.1092E+06   0.1233E+02   0.0000E+00
0.1092E+06   0.1267E+02   0.0000E+00
0.1092E+06   0.1300E+02   0.0000E+00
0.1092E+06   0.1333E+02   0.0000E+00
0.1092E+06   0.1367E+02   0.0000E+00
0.1092E+06   0.1400E+02   0.0000E+00
0.1092E+06   0.1433E+02   0.0000E+00
0.1092E+06   0.1467E+02   0.0000E+00
0.1092E+06   0.1500E+02   0.0000E+00
0.1092E+06   0.1533E+02   0.0000E+00
0.1092E+06   0.1567E+02   0.0000E+00
0.1092E+06   0.1600E+02   0.0000E+00
0.1092E+06   0.1633E+02   0.0000E+00
0.1092E+06   0.1667E+02   0.0000E+00
0.1092E+06   0.1700E+02   0.0000E+00
0.1092E+06   0.1733E+02   0.0000E+00
0.1092E+06   0.1767E+02   0.0000E+00
0.1092E+06   0.1800E+02   0.0000E+00
0.1092E+06   0.1833E+02   0.0000E+00
0.1092E+06   0.1867E+02   0.0000E+00
0.1092E+06   0.1900E+02   0.0000E+00
0.1092E+06   0.1933E+02   0.0000E+00
0.1092E+06   0.1967E+02   0.0000E+00
0.1092E+06   0.2000E+02   0.0000E+00
0.1092E+06   0.2033E+02   0.0000E+00
0.1092E+06   0.2067E+02   0.0000E+00
0.1092E+06   0.2100E+02   0.0000E+00
0.1092E+06   0.2133E+02   0.0000E+00
0.1092E+06   0.2167E+02   0.0000E+00
0.1092E+06   0.2200E+02   0.0000E+00
0.1092E+06   0.2233E+02   0.0000E+00
0.1092E+06   0.2267E+02   0.0000E+00
0.1092E+06   0.2300E+02   0.0000E+00
0.1092E+06   0.2333E+02   0.0000E+00
0.1092E+06   0.2367E+02   0.0000E+00
0.1092E+06   0.2400E+02   0.0000E+00
0.1092E+06   0.2433E+02   0.0000E+00
0.1092E+06   0.2467E+02   0.0000E+00
0.9432E+05   0.2500E+02   0.0000E+00
0.9434E+05   0.2517E+02   0.0000E+00
0.9433E+05   0.2533E+02   0.0000E+00
0.9448E+05   0.2550E+02   0.0000E+00
0.9447E+05   0.2567E+02   0.0000E+00
0.9455E+05   0.2583E+02   0.0000E+00
0.9399E+05   0.2600E+02   0.0000E+00
0.1022E+06   0.2610E+02   0.0000E+00
0.1022E+06   0.2622E+02   0.0000E+00
0.1022E+06   0.2633E+02   0.0000E+00
0.1022E+06   0.2650E+02   0.0000E+00
0.6407E+05   0.2667E+02   0.0000E+00
0.6411E+05   0.2683E+02   0.0000E+00
0.6411E+05   0.2700E+02   0.0000E+00
0.6411E+05   0.2712E+02   0.0000E+00
0.6410E+05   0.2723E+02   0.0000E+00
0.6460E+05   0.2733E+02   0.0000E+00
0.6822E+05   0.2750E+02   0.0000E+00
0.6818E+05   0.2767E+02   0.0000E+00
0.6921E+05   0.2783E+02   0.0000E+00
0.6854E+05   0.2800E+02   0.0000E+00
0.6860E+05   0.2817E+02   0.0000E+00
0.3059E+04   0.2833E+02   0.0000E+00
0.4470E+04   0.2867E+02   0.0000E+00
0.4469E+04   0.2900E+02   0.0000E+00
0.4468E+04   0.2933E+02   0.0000E+00
0.4467E+04   0.2967E+02   0.0000E+00
0.4466E+04   0.3000E+02   0.0000E+00
0.4465E+04   0.3033E+02   0.0000E+00
0.4464E+04   0.3067E+02   0.0000E+00
0.4463E+04   0.3100E+02   0.0000E+00
0.4462E+04   0.3133E+02   0.0000E+00
0.4461E+04   0.3167E+02   0.0000E+00
0.4460E+04   0.3200E+02   0.0000E+00
0.4459E+04   0.3233E+02   0.0000E+00
0.4458E+04   0.3267E+02   0.0000E+00
0.4457E+04   0.3300E+02   0.0000E+00
0.4456E+04   0.3333E+02   0.0000E+00
0.4455E+04   0.3367E+02   0.0000E+00
0.4454E+04   0.3400E+02   0.0000E+00
0.4453E+04   0.3433E+02   0.0000E+00
0.4452E+04   0.3467E+02   0.0000E+00
0.4451E+04   0.3500E+02   0.0000E+00
0.4450E+04   0.3533E+02   0.0000E+00
0.4449E+04   0.3567E+02   0.0000E+00
0.4448E+04   0.3600E+02   0.0000E+00
0.4447E+04   0.3633E+02   0.0000E+00
0.4446E+04   0.3667E+02   0.0000E+00
0.4445E+04   0.3700E+02   0.0000E+00
0.4444E+04   0.3733E+02   0.0000E+00
0.4443E+04   0.3767E+02   0.0000E+00
0.4442E+04   0.3800E+02   0.0000E+00
0.4441E+04   0.3833E+02   0.0000E+00
0.4440E+04   0.3867E+02   0.0000E+00
0.4439E+04   0.3900E+02   0.0000E+00
0.4438E+04   0.3933E+02   0.0000E+00
0.4437E+04   0.3967E+02   0.0000E+00
0.4436E+04   0.4000E+02   0.0000E+00
0.4435E+04   0.4033E+02   0.0000E+00
0.4434E+04   0.4067E+02   0.0000E+00
0.4433E+04   0.4100E+02   0.0000E+00
0.4432E+04   0.4133E+02   0.0000E+00
0.4431E+04   0.4167E+02   0.0000E+00
0.4430E+04   0.4200E+02   0.0000E+00
0.4429E+04   0.4233E+02   0.0000E+00
0.4428E+04   0.4267E+02   0.0000E+00
0.4427E+04   0.4300E+02   0.0000E+00
0.3766E+04   0.4333E+02   0.0000E+00
