0.8200E+03   0.2204E-15   0.0000E+00
0.1179E+04   0.4500E+00   0.8442E-01
0.1178E+04   0.9000E+00   0.8417E-01
0.1177E+04   0.1350E+01   0.8376E-01
0.1176E+04   0.1800E+01   0.8319E-01
0.1175E+04   0.2250E+01   0.8246E-01
0.1174E+04   0.2700E+01   0.8156E-01
0.1173E+04   0.3150E+01   0.8051E-01
0.1180E+04   0.3600E+01   0.7931E-01
0.2307E+04   0.3800E+01   0.7872E-01
0.2308E+04   0.4000E+01   0.7811E-01
0.1776E+05   0.4278E+01   0.7888E-01
0.1776E+05   0.4632E+01   0.7944E-01
0.1776E+05   0.5084E+01   0.7971E-01
0.1776E+05   0.5661E+01   0.7961E-01
0.1776E+05   0.6396E+01   0.7905E-01
0.1776E+05   0.7334E+01   0.7793E-01
0.1777E+05   0.8530E+01   0.7612E-01
0.1777E+05   0.1005E+02   0.7344E-01
0.1472E+05   0.1200E+02   0.6961E-01
0.1472E+05   0.1398E+02   0.6553E-01
0.1472E+05   0.1632E+02   0.6072E-01
0.1472E+05   0.1907E+02   0.5514E-01
0.1472E+05   0.2230E+02   0.4898E-01
0.1473E+05   0.2611E+02   0.4251E-01
0.1473E+05   0.3059E+02   0.3606E-01
0.1473E+05   0.3587E+02   0.3002E-01
0.1473E+05   0.4207E+02   0.2470E-01
0.1473E+05   0.4938E+02   0.2042E-01
0.1473E+05   0.5797E+02   0.1755E-01
0.1473E+05   0.6809E+02   0.1678E-01
0.1473E+05   0.8000E+02   0.2030E-01
