0.8200E+03   0.2204E-15   -.8450E-01
0.1179E+04   0.4500E+00   0.6631E-01
0.1178E+04   0.9000E+00   0.1326E+00
0.1177E+04   0.1350E+01   0.1989E+00
0.1176E+04   0.1800E+01   0.2652E+00
0.1175E+04   0.2250E+01   0.3314E+00
0.1174E+04   0.2700E+01   0.3976E+00
0.1173E+04   0.3150E+01   0.4637E+00
0.1180E+04   0.3600E+01   0.5297E+00
0.2307E+04   0.3800E+01   0.5591E+00
0.2308E+04   0.4000E+01   0.5884E+00
0.1776E+05   0.4278E+01   0.5540E+00
0.1776E+05   0.4632E+01   0.5159E+00
0.1776E+05   0.5084E+01   0.4749E+00
0.1776E+05   0.5661E+01   0.4319E+00
0.1776E+05   0.6396E+01   0.3885E+00
0.1776E+05   0.7334E+01   0.3460E+00
0.1777E+05   0.8530E+01   0.3058E+00
0.1777E+05   0.1005E+02   0.2690E+00
0.1472E+05   0.1200E+02   0.2365E+00
0.1472E+05   0.1398E+02   0.2129E+00
0.1472E+05   0.1632E+02   0.1929E+00
0.1472E+05   0.1907E+02   0.1758E+00
0.1472E+05   0.2230E+02   0.1607E+00
0.1473E+05   0.2611E+02   0.1474E+00
0.1473E+05   0.3059E+02   0.1353E+00
0.1473E+05   0.3587E+02   0.1243E+00
0.1473E+05   0.4207E+02   0.1145E+00
0.1473E+05   0.4938E+02   0.1059E+00
0.1473E+05   0.5797E+02   0.9856E-01
0.1473E+05   0.6809E+02   0.9227E-01
0.1473E+05   0.8000E+02   0.8591E-01
