0.1197E+06   0.0000E+00   -.2213E+01
0.1197E+06   0.1322E+01   -.2214E+01
0.1197E+06   0.2500E+01   -.2217E+01
0.1197E+06   0.3550E+01   -.2220E+01
0.1197E+06   0.4486E+01   -.2225E+01
0.1197E+06   0.5320E+01   -.2232E+01
0.1197E+06   0.6064E+01   -.2240E+01
0.1197E+06   0.6727E+01   -.2251E+01
0.1197E+06   0.7318E+01   -.2263E+01
0.1197E+06   0.7845E+01   -.2278E+01
0.1197E+06   0.8315E+01   -.2285E+01
0.1197E+06   0.8733E+01   -.2292E+01
0.1197E+06   0.9107E+01   -.2244E+01
0.1197E+06   0.9439E+01   -.2288E+01
0.1197E+06   0.9736E+01   -.2148E+01
0.1099E+06   0.1000E+02   -.3254E+01
0.1099E+06   0.1033E+02   0.2870E+00
0.1099E+06   0.1067E+02   -.2588E+00
0.1099E+06   0.1100E+02   -.3225E-01
0.1099E+06   0.1133E+02   -.1206E+00
0.1099E+06   0.1167E+02   -.8789E-01
0.1099E+06   0.1200E+02   -.1022E+00
0.1099E+06   0.1233E+02   -.9755E-01
0.1099E+06   0.1267E+02   -.1002E+00
0.1099E+06   0.1300E+02   -.9974E-01
0.1099E+06   0.1333E+02   -.1004E+00
0.1099E+06   0.1367E+02   -.1005E+00
0.1099E+06   0.1400E+02   -.1007E+00
0.1099E+06   0.1433E+02   -.1009E+00
0.1099E+06   0.1467E+02   -.1010E+00
0.1099E+06   0.1500E+02   -.1011E+00
0.1099E+06   0.1533E+02   -.1012E+00
0.1099E+06   0.1567E+02   -.1013E+00
0.1099E+06   0.1600E+02   -.1014E+00
0.1099E+06   0.1633E+02   -.1014E+00
0.1099E+06   0.1667E+02   -.1015E+00
0.1099E+06   0.1700E+02   -.1016E+00
0.1099E+06   0.1733E+02   -.1016E+00
0.1099E+06   0.1767E+02   -.1017E+00
0.1099E+06   0.1800E+02   -.1017E+00
0.1099E+06   0.1833E+02   -.1017E+00
0.1099E+06   0.1867E+02   -.1018E+00
0.1099E+06   0.1900E+02   -.1018E+00
0.1099E+06   0.1933E+02   -.1018E+00
0.1099E+06   0.1967E+02   -.1019E+00
0.1099E+06   0.2000E+02   -.1019E+00
0.1099E+06   0.2033E+02   -.1019E+00
0.1099E+06   0.2067E+02   -.1019E+00
0.1099E+06   0.2100E+02   -.1019E+00
0.1099E+06   0.2133E+02   -.1020E+00
0.1099E+06   0.2167E+02   -.1020E+00
0.1099E+06   0.2200E+02   -.1020E+00
0.1099E+06   0.2233E+02   -.1020E+00
0.1099E+06   0.2267E+02   -.1020E+00
0.1099E+06   0.2300E+02   -.1020E+00
0.1099E+06   0.2333E+02   -.1021E+00
0.1099E+06   0.2367E+02   -.1021E+00
0.1099E+06   0.2400E+02   -.1021E+00
0.1099E+06   0.2433E+02   -.1020E+00
0.1099E+06   0.2467E+02   -.1022E+00
0.8694E+05   0.2500E+02   -.1632E+00
0.8708E+05   0.2517E+02   -.4017E-03
0.8708E+05   0.2533E+02   -.1552E-02
0.8722E+05   0.2550E+02   0.1101E-02
0.8722E+05   0.2567E+02   -.3566E-02
0.8729E+05   0.2583E+02   -.1446E-01
0.8729E+05   0.2600E+02   0.1601E-02
0.8737E+05   0.2617E+02   0.9795E-03
0.8736E+05   0.2633E+02   -.1218E-01
0.8744E+05   0.2650E+02   -.2775E-02
0.6616E+05   0.2667E+02   0.1951E-02
0.6626E+05   0.2683E+02   -.2775E-02
0.6620E+05   0.2700E+02   -.1218E-01
0.6787E+05   0.2717E+02   0.9796E-03
0.6783E+05   0.2733E+02   0.1603E-02
0.6824E+05   0.2750E+02   -.1447E-01
0.6818E+05   0.2767E+02   -.3562E-02
0.6920E+05   0.2783E+02   0.1102E-02
0.6854E+05   0.2800E+02   -.1549E-02
0.6858E+05   0.2817E+02   -.4042E-03
0.1616E+04   0.2833E+02   -.1633E+00
0.3027E+04   0.2867E+02   -.1023E+00
0.3026E+04   0.2900E+02   -.1021E+00
0.3025E+04   0.2933E+02   -.1022E+00
0.3024E+04   0.2967E+02   -.1022E+00
0.3023E+04   0.3000E+02   -.1022E+00
0.3022E+04   0.3033E+02   -.1022E+00
0.3021E+04   0.3067E+02   -.1022E+00
0.3020E+04   0.3100E+02   -.1022E+00
0.3019E+04   0.3133E+02   -.1022E+00
0.3018E+04   0.3167E+02   -.1022E+00
0.3017E+04   0.3200E+02   -.1022E+00
0.3016E+04   0.3233E+02   -.1022E+00
0.3015E+04   0.3267E+02   -.1022E+00
0.3014E+04   0.3300E+02   -.1022E+00
0.3013E+04   0.3333E+02   -.1022E+00
0.3012E+04   0.3367E+02   -.1022E+00
0.3011E+04   0.3400E+02   -.1022E+00
0.3010E+04   0.3433E+02   -.1022E+00
0.3009E+04   0.3467E+02   -.1022E+00
0.3008E+04   0.3500E+02   -.1022E+00
0.3007E+04   0.3533E+02   -.1022E+00
0.3006E+04   0.3567E+02   -.1022E+00
0.3005E+04   0.3600E+02   -.1022E+00
0.3004E+04   0.3633E+02   -.1022E+00
0.3003E+04   0.3667E+02   -.1022E+00
0.3002E+04   0.3700E+02   -.1022E+00
0.3001E+04   0.3733E+02   -.1022E+00
0.3000E+04   0.3767E+02   -.1022E+00
0.2999E+04   0.3800E+02   -.1022E+00
0.2998E+04   0.3833E+02   -.1022E+00
0.2997E+04   0.3867E+02   -.1022E+00
0.2996E+04   0.3900E+02   -.1022E+00
0.2995E+04   0.3933E+02   -.1023E+00
0.2994E+04   0.3967E+02   -.1023E+00
0.2993E+04   0.4000E+02   -.1023E+00
0.2992E+04   0.4033E+02   -.1023E+00
0.2991E+04   0.4067E+02   -.1023E+00
0.2990E+04   0.4100E+02   -.1023E+00
0.2989E+04   0.4133E+02   -.1023E+00
0.2988E+04   0.4167E+02   -.1023E+00
0.2987E+04   0.4200E+02   -.1023E+00
0.2986E+04   0.4233E+02   -.1023E+00
0.2985E+04   0.4267E+02   -.1023E+00
0.2984E+04   0.4300E+02   -.1023E+00
0.2308E+04   0.4333E+02   -.1023E+00
