0.8200E+03   0.2204E-15   0.0000E+00
0.1179E+04   0.4500E+00   0.0000E+00
0.1178E+04   0.9000E+00   0.0000E+00
0.1177E+04   0.1350E+01   0.0000E+00
0.1176E+04   0.1800E+01   0.0000E+00
0.1175E+04   0.2250E+01   0.0000E+00
0.1174E+04   0.2700E+01   0.0000E+00
0.1173E+04   0.3150E+01   0.0000E+00
0.1180E+04   0.3600E+01   0.0000E+00
0.2307E+04   0.3800E+01   0.0000E+00
0.2308E+04   0.4000E+01   -.1023E+00
0.1776E+05   0.4278E+01   -.2789E+00
0.1776E+05   0.4632E+01   -.5550E+00
0.1776E+05   0.5084E+01   -.8313E+00
0.1776E+05   0.5661E+01   -.1096E+01
0.1776E+05   0.6396E+01   -.1340E+01
0.1776E+05   0.7334E+01   -.1552E+01
0.1777E+05   0.8530E+01   -.1729E+01
0.1777E+05   0.1005E+02   -.1869E+01
0.1472E+05   0.1200E+02   -.1971E+01
0.1472E+05   0.1398E+02   -.2037E+01
0.1472E+05   0.1632E+02   -.2083E+01
0.1472E+05   0.1907E+02   -.2115E+01
0.1472E+05   0.2230E+02   -.2138E+01
0.1473E+05   0.2611E+02   -.2154E+01
0.1473E+05   0.3059E+02   -.2166E+01
0.1473E+05   0.3587E+02   -.2175E+01
0.1473E+05   0.4207E+02   -.2183E+01
0.1473E+05   0.4938E+02   -.2189E+01
0.1473E+05   0.5797E+02   -.2194E+01
0.1473E+05   0.6809E+02   -.2198E+01
0.1473E+05   0.8000E+02   -.2198E+01
