0.8200E+03   0.2204E-15   0.0000E+00
0.1179E+04   0.4500E+00   0.0000E+00
0.1178E+04   0.9000E+00   0.0000E+00
0.1177E+04   0.1350E+01   0.0000E+00
0.1176E+04   0.1800E+01   0.0000E+00
0.1175E+04   0.2250E+01   0.0000E+00
0.1174E+04   0.2700E+01   0.0000E+00
0.1173E+04   0.3150E+01   0.0000E+00
0.1180E+04   0.3600E+01   0.0000E+00
0.2307E+04   0.3800E+01   0.0000E+00
0.2308E+04   0.4000E+01   -.4154E+01
0.1776E+05   0.4278E+01   -.3950E+01
0.1776E+05   0.4632E+01   -.3700E+01
0.1776E+05   0.5084E+01   -.3450E+01
0.1776E+05   0.5661E+01   -.3210E+01
0.1776E+05   0.6396E+01   -.2990E+01
0.1776E+05   0.7334E+01   -.2799E+01
0.1777E+05   0.8530E+01   -.2639E+01
0.1777E+05   0.1005E+02   -.2513E+01
0.1472E+05   0.1200E+02   -.2420E+01
0.1472E+05   0.1398E+02   -.2363E+01
0.1472E+05   0.1632E+02   -.2322E+01
0.1472E+05   0.1907E+02   -.2293E+01
0.1472E+05   0.2230E+02   -.2273E+01
0.1473E+05   0.2611E+02   -.2259E+01
0.1473E+05   0.3059E+02   -.2249E+01
0.1473E+05   0.3587E+02   -.2241E+01
0.1473E+05   0.4207E+02   -.2235E+01
0.1473E+05   0.4938E+02   -.2231E+01
0.1473E+05   0.5797E+02   -.2228E+01
0.1473E+05   0.6809E+02   -.2229E+01
0.1473E+05   0.8000E+02   -.2232E+01
