0.8150E+03   0.0000E+00   0.7150E-03
0.8160E+03   0.1322E+01   0.9446E-03
0.8170E+03   0.2500E+01   0.1277E-02
0.8180E+03   0.3550E+01   0.1764E-02
0.8190E+03   0.4486E+01   0.2478E-02
0.8200E+03   0.5320E+01   0.3545E-02
0.8210E+03   0.6064E+01   0.5153E-02
0.8220E+03   0.6727E+01   0.7631E-02
0.8230E+03   0.7318E+01   0.1144E-01
0.8240E+03   0.7845E+01   0.1739E-01
0.8250E+03   0.8315E+01   0.2625E-01
0.8260E+03   0.8733E+01   0.3961E-01
0.8270E+03   0.9107E+01   0.5625E-01
0.8280E+03   0.9439E+01   0.7940E-01
0.8290E+03   0.9736E+01   0.9255E-01
0.8130E+03   0.1000E+02   0.1301E+00
0.8470E+03   0.1033E+02   0.3660E+00
0.8480E+03   0.1067E+02   0.4244E+00
0.8490E+03   0.1100E+02   0.4664E+00
0.8500E+03   0.1133E+02   0.4873E+00
0.8510E+03   0.1167E+02   0.5024E+00
0.8520E+03   0.1200E+02   0.5118E+00
0.8530E+03   0.1233E+02   0.5186E+00
0.8540E+03   0.1267E+02   0.5234E+00
0.8550E+03   0.1300E+02   0.5270E+00
0.8560E+03   0.1333E+02   0.5297E+00
0.8570E+03   0.1367E+02   0.5317E+00
0.8580E+03   0.1400E+02   0.5334E+00
0.8590E+03   0.1433E+02   0.5346E+00
0.8600E+03   0.1467E+02   0.5357E+00
0.8610E+03   0.1500E+02   0.5365E+00
0.8620E+03   0.1533E+02   0.5372E+00
0.8630E+03   0.1567E+02   0.5378E+00
0.8640E+03   0.1600E+02   0.5383E+00
0.8650E+03   0.1633E+02   0.5387E+00
0.8660E+03   0.1667E+02   0.5391E+00
0.8670E+03   0.1700E+02   0.5394E+00
0.8680E+03   0.1733E+02   0.5397E+00
0.8690E+03   0.1767E+02   0.5399E+00
0.8700E+03   0.1800E+02   0.5401E+00
0.8710E+03   0.1833E+02   0.5403E+00
0.8720E+03   0.1867E+02   0.5405E+00
0.8730E+03   0.1900E+02   0.5407E+00
0.8740E+03   0.1933E+02   0.5408E+00
0.8750E+03   0.1967E+02   0.5409E+00
0.8760E+03   0.2000E+02   0.5410E+00
0.8770E+03   0.2033E+02   0.5412E+00
0.8780E+03   0.2067E+02   0.5413E+00
0.8790E+03   0.2100E+02   0.5413E+00
0.8800E+03   0.2133E+02   0.5414E+00
0.8810E+03   0.2167E+02   0.5415E+00
0.8820E+03   0.2200E+02   0.5416E+00
0.8830E+03   0.2233E+02   0.5416E+00
0.8840E+03   0.2267E+02   0.5417E+00
0.8850E+03   0.2300E+02   0.5418E+00
0.8860E+03   0.2333E+02   0.5418E+00
0.8870E+03   0.2367E+02   0.5419E+00
0.8880E+03   0.2400E+02   0.5419E+00
0.8890E+03   0.2433E+02   0.5419E+00
0.8900E+03   0.2467E+02   0.5420E+00
0.8910E+03   0.2500E+02   0.5420E+00
0.8920E+03   0.2533E+02   0.5421E+00
0.8930E+03   0.2567E+02   0.5421E+00
0.8940E+03   0.2600E+02   0.5421E+00
0.8950E+03   0.2633E+02   0.5422E+00
0.8960E+03   0.2667E+02   0.5422E+00
0.8970E+03   0.2700E+02   0.5422E+00
0.8980E+03   0.2733E+02   0.5422E+00
0.8990E+03   0.2767E+02   0.5422E+00
0.9000E+03   0.2800E+02   0.5423E+00
0.9010E+03   0.2833E+02   0.5423E+00
0.9020E+03   0.2867E+02   0.5423E+00
0.9030E+03   0.2900E+02   0.5423E+00
0.9040E+03   0.2933E+02   0.5423E+00
0.9050E+03   0.2967E+02   0.5423E+00
0.9060E+03   0.3000E+02   0.5424E+00
0.9070E+03   0.3033E+02   0.5424E+00
0.9080E+03   0.3067E+02   0.5424E+00
0.9090E+03   0.3100E+02   0.5424E+00
0.9100E+03   0.3133E+02   0.5424E+00
0.9110E+03   0.3167E+02   0.5424E+00
0.9120E+03   0.3200E+02   0.5424E+00
0.9130E+03   0.3233E+02   0.5424E+00
0.9140E+03   0.3267E+02   0.5424E+00
0.9150E+03   0.3300E+02   0.5424E+00
0.9160E+03   0.3333E+02   0.5424E+00
0.9170E+03   0.3367E+02   0.5424E+00
0.9180E+03   0.3400E+02   0.5424E+00
0.9190E+03   0.3433E+02   0.5425E+00
0.9200E+03   0.3467E+02   0.5425E+00
0.9210E+03   0.3500E+02   0.5425E+00
0.9220E+03   0.3533E+02   0.5425E+00
0.9230E+03   0.3567E+02   0.5425E+00
0.9240E+03   0.3600E+02   0.5425E+00
0.9250E+03   0.3633E+02   0.5425E+00
0.9260E+03   0.3667E+02   0.5425E+00
0.9270E+03   0.3700E+02   0.5425E+00
0.9280E+03   0.3733E+02   0.5425E+00
0.9290E+03   0.3767E+02   0.5425E+00
0.9300E+03   0.3800E+02   0.5425E+00
0.9310E+03   0.3833E+02   0.5425E+00
0.9320E+03   0.3867E+02   0.5425E+00
0.9330E+03   0.3900E+02   0.5425E+00
0.9340E+03   0.3933E+02   0.5425E+00
0.9350E+03   0.3967E+02   0.5425E+00
0.9360E+03   0.4000E+02   0.5425E+00
0.9370E+03   0.4033E+02   0.5425E+00
0.9380E+03   0.4067E+02   0.5425E+00
0.9390E+03   0.4100E+02   0.5425E+00
0.9400E+03   0.4133E+02   0.5425E+00
0.9410E+03   0.4167E+02   0.5425E+00
0.9420E+03   0.4200E+02   0.5425E+00
0.9430E+03   0.4233E+02   0.5425E+00
0.9440E+03   0.4267E+02   0.5425E+00
0.9450E+03   0.4300E+02   0.5425E+00
0.8450E+03   0.4333E+02   0.5425E+00
