0.8150E+03   0.0000E+00   -.2205E+01
0.8160E+03   0.1322E+01   -.2206E+01
0.8170E+03   0.2500E+01   -.2208E+01
0.8180E+03   0.3550E+01   -.2211E+01
0.8190E+03   0.4486E+01   -.2215E+01
0.8200E+03   0.5320E+01   -.2220E+01
0.8210E+03   0.6064E+01   -.2228E+01
0.8220E+03   0.6727E+01   -.2239E+01
0.8230E+03   0.7318E+01   -.2256E+01
0.8240E+03   0.7845E+01   -.2279E+01
0.8250E+03   0.8315E+01   -.2319E+01
0.8260E+03   0.8733E+01   -.2362E+01
0.8270E+03   0.9107E+01   -.2467E+01
0.8280E+03   0.9439E+01   -.2489E+01
0.8290E+03   0.9736E+01   -.2987E+01
0.8130E+03   0.1000E+02   -.2676E+01
0.8470E+03   0.1033E+02   -.3915E+01
0.8480E+03   0.1067E+02   -.3631E+01
0.8490E+03   0.1100E+02   -.3996E+01
0.8500E+03   0.1133E+02   -.4037E+01
0.8510E+03   0.1167E+02   -.4137E+01
0.8520E+03   0.1200E+02   -.4177E+01
0.8530E+03   0.1233E+02   -.4217E+01
0.8540E+03   0.1267E+02   -.4241E+01
0.8550E+03   0.1300E+02   -.4261E+01
0.8560E+03   0.1333E+02   -.4275E+01
0.8570E+03   0.1367E+02   -.4287E+01
0.8580E+03   0.1400E+02   -.4296E+01
0.8590E+03   0.1433E+02   -.4303E+01
0.8600E+03   0.1467E+02   -.4309E+01
0.8610E+03   0.1500E+02   -.4313E+01
0.8620E+03   0.1533E+02   -.4317E+01
0.8630E+03   0.1567E+02   -.4320E+01
0.8640E+03   0.1600E+02   -.4323E+01
0.8650E+03   0.1633E+02   -.4326E+01
0.8660E+03   0.1667E+02   -.4328E+01
0.8670E+03   0.1700E+02   -.4329E+01
0.8680E+03   0.1733E+02   -.4331E+01
0.8690E+03   0.1767E+02   -.4332E+01
0.8700E+03   0.1800E+02   -.4333E+01
0.8710E+03   0.1833E+02   -.4335E+01
0.8720E+03   0.1867E+02   -.4335E+01
0.8730E+03   0.1900E+02   -.4336E+01
0.8740E+03   0.1933E+02   -.4337E+01
0.8750E+03   0.1967E+02   -.4338E+01
0.8760E+03   0.2000E+02   -.4338E+01
0.8770E+03   0.2033E+02   -.4339E+01
0.8780E+03   0.2067E+02   -.4340E+01
0.8790E+03   0.2100E+02   -.4340E+01
0.8800E+03   0.2133E+02   -.4341E+01
0.8810E+03   0.2167E+02   -.4341E+01
0.8820E+03   0.2200E+02   -.4341E+01
0.8830E+03   0.2233E+02   -.4342E+01
0.8840E+03   0.2267E+02   -.4342E+01
0.8850E+03   0.2300E+02   -.4342E+01
0.8860E+03   0.2333E+02   -.4343E+01
0.8870E+03   0.2367E+02   -.4343E+01
0.8880E+03   0.2400E+02   -.4343E+01
0.8890E+03   0.2433E+02   -.4343E+01
0.8900E+03   0.2467E+02   -.4344E+01
0.8910E+03   0.2500E+02   -.4344E+01
0.8920E+03   0.2533E+02   -.4344E+01
0.8930E+03   0.2567E+02   -.4344E+01
0.8940E+03   0.2600E+02   -.4344E+01
0.8950E+03   0.2633E+02   -.4345E+01
0.8960E+03   0.2667E+02   -.4345E+01
0.8970E+03   0.2700E+02   -.4345E+01
0.8980E+03   0.2733E+02   -.4345E+01
0.8990E+03   0.2767E+02   -.4345E+01
0.9000E+03   0.2800E+02   -.4345E+01
0.9010E+03   0.2833E+02   -.4345E+01
0.9020E+03   0.2867E+02   -.4345E+01
0.9030E+03   0.2900E+02   -.4346E+01
0.9040E+03   0.2933E+02   -.4346E+01
0.9050E+03   0.2967E+02   -.4346E+01
0.9060E+03   0.3000E+02   -.4346E+01
0.9070E+03   0.3033E+02   -.4346E+01
0.9080E+03   0.3067E+02   -.4346E+01
0.9090E+03   0.3100E+02   -.4346E+01
0.9100E+03   0.3133E+02   -.4346E+01
0.9110E+03   0.3167E+02   -.4346E+01
0.9120E+03   0.3200E+02   -.4346E+01
0.9130E+03   0.3233E+02   -.4346E+01
0.9140E+03   0.3267E+02   -.4346E+01
0.9150E+03   0.3300E+02   -.4346E+01
0.9160E+03   0.3333E+02   -.4346E+01
0.9170E+03   0.3367E+02   -.4346E+01
0.9180E+03   0.3400E+02   -.4346E+01
0.9190E+03   0.3433E+02   -.4346E+01
0.9200E+03   0.3467E+02   -.4346E+01
0.9210E+03   0.3500E+02   -.4346E+01
0.9220E+03   0.3533E+02   -.4346E+01
0.9230E+03   0.3567E+02   -.4346E+01
0.9240E+03   0.3600E+02   -.4347E+01
0.9250E+03   0.3633E+02   -.4347E+01
0.9260E+03   0.3667E+02   -.4347E+01
0.9270E+03   0.3700E+02   -.4347E+01
0.9280E+03   0.3733E+02   -.4347E+01
0.9290E+03   0.3767E+02   -.4347E+01
0.9300E+03   0.3800E+02   -.4347E+01
0.9310E+03   0.3833E+02   -.4347E+01
0.9320E+03   0.3867E+02   -.4347E+01
0.9330E+03   0.3900E+02   -.4347E+01
0.9340E+03   0.3933E+02   -.4347E+01
0.9350E+03   0.3967E+02   -.4347E+01
0.9360E+03   0.4000E+02   -.4347E+01
0.9370E+03   0.4033E+02   -.4347E+01
0.9380E+03   0.4067E+02   -.4347E+01
0.9390E+03   0.4100E+02   -.4347E+01
0.9400E+03   0.4133E+02   -.4347E+01
0.9410E+03   0.4167E+02   -.4347E+01
0.9420E+03   0.4200E+02   -.4347E+01
0.9430E+03   0.4233E+02   -.4347E+01
0.9440E+03   0.4267E+02   -.4347E+01
0.9450E+03   0.4300E+02   -.4347E+01
0.8450E+03   0.4333E+02   -.4347E+01
