0.2325E+05   -.8000E+02   0.6788E-01
0.2378E+05   -.6949E+02   0.7143E-01
0.2378E+05   -.6057E+02   0.7511E-01
0.2378E+05   -.5298E+02   0.7952E-01
0.2378E+05   -.4654E+02   0.8476E-01
0.2378E+05   -.4106E+02   0.9081E-01
0.2378E+05   -.3641E+02   0.9759E-01
0.2378E+05   -.3245E+02   0.1050E+00
0.2377E+05   -.2909E+02   0.1130E+00
0.2377E+05   -.2624E+02   0.1214E+00
0.2377E+05   -.2381E+02   0.1302E+00
0.2377E+05   -.2175E+02   0.1391E+00
0.1779E+05   -.2000E+02   0.1482E+00
0.1775E+05   -.1717E+02   0.1666E+00
0.1775E+05   -.1479E+02   0.1873E+00
0.1775E+05   -.1280E+02   0.2105E+00
0.1774E+05   -.1114E+02   0.2361E+00
0.1774E+05   -.9740E+01   0.2641E+00
0.1774E+05   -.8571E+01   0.2946E+00
0.1774E+05   -.7591E+01   0.3272E+00
0.1774E+05   -.6771E+01   0.3618E+00
0.1774E+05   -.6084E+01   0.3979E+00
0.1774E+05   -.5508E+01   0.4351E+00
0.1774E+05   -.5026E+01   0.4728E+00
0.1774E+05   -.4622E+01   0.5105E+00
0.1774E+05   -.4283E+01   0.5477E+00
0.4590E+03   -.4000E+01   0.5837E+00
0.4580E+03   -.3800E+01   0.5573E+00
0.4620E+03   -.3600E+01   0.5308E+00
0.8130E+03   -.3150E+01   0.4714E+00
0.8120E+03   -.2700E+01   0.4119E+00
0.8110E+03   -.2250E+01   0.3526E+00
0.8100E+03   -.1800E+01   0.2932E+00
0.8090E+03   -.1350E+01   0.2339E+00
0.8080E+03   -.9000E+00   0.1746E+00
0.8070E+03   -.4500E+00   0.1153E+00
0.8140E+03   -.6217E-14   -.5613E-01
0.1511E+04   0.4500E+00   0.3035E-02
0.1512E+04   0.9000E+00   0.6216E-01
0.1513E+04   0.1350E+01   0.1212E+00
0.1514E+04   0.1800E+01   0.1803E+00
0.1515E+04   0.2250E+01   0.2393E+00
0.1516E+04   0.2700E+01   0.2982E+00
0.1517E+04   0.3150E+01   0.3571E+00
0.1561E+04   0.3600E+01   0.4159E+00
0.3681E+04   0.3800E+01   0.4420E+00
0.3697E+04   0.4000E+01   0.4681E+00
0.1927E+05   0.4283E+01   0.4320E+00
0.1927E+05   0.4622E+01   0.3948E+00
0.1927E+05   0.5026E+01   0.3569E+00
0.1927E+05   0.5508E+01   0.3190E+00
0.1927E+05   0.6084E+01   0.2816E+00
0.1927E+05   0.6771E+01   0.2451E+00
0.1927E+05   0.7591E+01   0.2099E+00
0.1928E+05   0.8571E+01   0.1763E+00
0.1928E+05   0.9740E+01   0.1445E+00
0.1928E+05   0.1114E+02   0.1143E+00
0.1928E+05   0.1280E+02   0.8564E-01
0.1928E+05   0.1479E+02   0.5789E-01
0.1928E+05   0.1717E+02   0.3003E-01
0.1932E+05   0.2000E+02   0.0000E+00
