0.8140E+03   0.2204E-15   0.0000E+00
0.1165E+04   0.4500E+00   0.5611E-01
0.1164E+04   0.9000E+00   0.5605E-01
0.1163E+04   0.1350E+01   0.5595E-01
0.1162E+04   0.1800E+01   0.5581E-01
0.1161E+04   0.2250E+01   0.5564E-01
0.1160E+04   0.2700E+01   0.5542E-01
0.1159E+04   0.3150E+01   0.5516E-01
0.1166E+04   0.3600E+01   0.5487E-01
0.2269E+04   0.3800E+01   0.5472E-01
0.2270E+04   0.4000E+01   0.5457E-01
0.1835E+05   0.4283E+01   0.5476E-01
0.1835E+05   0.4622E+01   0.5488E-01
0.1835E+05   0.5026E+01   0.5493E-01
0.1836E+05   0.5508E+01   0.5492E-01
0.1836E+05   0.6084E+01   0.5482E-01
0.1836E+05   0.6771E+01   0.5463E-01
0.1836E+05   0.7591E+01   0.5433E-01
0.1836E+05   0.8571E+01   0.5391E-01
0.1836E+05   0.9740E+01   0.5332E-01
0.1836E+05   0.1114E+02   0.5254E-01
0.1836E+05   0.1280E+02   0.5149E-01
0.1836E+05   0.1479E+02   0.5012E-01
0.1836E+05   0.1717E+02   0.4836E-01
0.1474E+05   0.2000E+02   0.4612E-01
0.1474E+05   0.2175E+02   0.4471E-01
0.1474E+05   0.2381E+02   0.4305E-01
0.1474E+05   0.2624E+02   0.4112E-01
0.1474E+05   0.2909E+02   0.3889E-01
0.1474E+05   0.3245E+02   0.3640E-01
0.1474E+05   0.3641E+02   0.3370E-01
0.1474E+05   0.4106E+02   0.3090E-01
0.1475E+05   0.4654E+02   0.2820E-01
0.1475E+05   0.5298E+02   0.2590E-01
0.1475E+05   0.6057E+02   0.2448E-01
0.1475E+05   0.6949E+02   0.2478E-01
0.1475E+05   0.8000E+02   0.2866E-01
