0.1563E+06   0.0000E+00   -.6496E-02
0.1563E+06   0.1322E+01   -.6851E-02
0.1563E+06   0.2500E+01   -.7519E-02
0.1563E+06   0.3550E+01   -.8342E-02
0.1563E+06   0.4486E+01   -.9168E-02
0.1563E+06   0.5320E+01   -.9807E-02
0.1563E+06   0.6064E+01   -.1001E-01
0.1563E+06   0.6727E+01   -.9379E-02
0.1563E+06   0.7318E+01   -.7414E-02
0.1563E+06   0.7845E+01   -.3241E-02
0.1563E+06   0.8315E+01   0.3924E-02
0.1563E+06   0.8733E+01   0.1571E-01
0.1563E+06   0.9107E+01   0.3094E-01
0.1563E+06   0.9439E+01   0.5276E-01
0.1563E+06   0.9736E+01   0.6479E-01
0.1459E+06   0.1000E+02   0.1004E+00
0.1458E+06   0.1033E+02   0.3320E+00
0.1458E+06   0.1067E+02   0.3875E+00
0.1458E+06   0.1100E+02   0.4269E+00
0.1458E+06   0.1133E+02   0.4455E+00
0.1458E+06   0.1167E+02   0.4584E+00
0.1458E+06   0.1200E+02   0.4657E+00
0.1458E+06   0.1233E+02   0.4705E+00
0.1458E+06   0.1267E+02   0.4735E+00
0.1458E+06   0.1300E+02   0.4753E+00
0.1458E+06   0.1333E+02   0.4762E+00
0.1458E+06   0.1367E+02   0.4767E+00
0.1458E+06   0.1400E+02   0.4769E+00
0.1458E+06   0.1433E+02   0.4768E+00
0.1458E+06   0.1467E+02   0.4765E+00
0.1458E+06   0.1500E+02   0.4762E+00
0.1458E+06   0.1533E+02   0.4758E+00
0.1458E+06   0.1567E+02   0.4753E+00
0.1458E+06   0.1600E+02   0.4749E+00
0.1458E+06   0.1633E+02   0.4745E+00
0.1458E+06   0.1667E+02   0.4740E+00
0.1458E+06   0.1700E+02   0.4736E+00
0.1458E+06   0.1733E+02   0.4733E+00
0.1458E+06   0.1767E+02   0.4729E+00
0.1458E+06   0.1800E+02   0.4726E+00
0.1459E+06   0.1833E+02   0.4722E+00
0.1459E+06   0.1867E+02   0.4720E+00
0.1459E+06   0.1900E+02   0.4717E+00
0.1459E+06   0.1933E+02   0.4714E+00
0.1459E+06   0.1967E+02   0.4712E+00
0.1459E+06   0.2000E+02   0.4710E+00
0.1459E+06   0.2033E+02   0.4708E+00
0.1459E+06   0.2067E+02   0.4706E+00
0.1459E+06   0.2100E+02   0.4704E+00
0.1459E+06   0.2133E+02   0.4703E+00
0.1459E+06   0.2167E+02   0.4701E+00
0.1459E+06   0.2200E+02   0.4700E+00
0.1459E+06   0.2233E+02   0.4699E+00
0.1459E+06   0.2267E+02   0.4698E+00
0.1459E+06   0.2300E+02   0.4697E+00
0.1459E+06   0.2333E+02   0.4696E+00
0.1459E+06   0.2367E+02   0.4695E+00
0.1459E+06   0.2400E+02   0.4695E+00
0.1459E+06   0.2433E+02   0.4695E+00
0.1189E+06   0.2467E+02   0.4698E+00
0.1189E+06   0.2483E+02   0.4699E+00
0.1189E+06   0.2500E+02   0.4700E+00
0.1191E+06   0.2517E+02   0.4702E+00
0.1190E+06   0.2533E+02   0.4702E+00
0.1191E+06   0.2550E+02   0.4703E+00
0.1191E+06   0.2567E+02   0.4702E+00
0.1192E+06   0.2583E+02   0.4702E+00
0.1183E+06   0.2600E+02   0.4701E+00
0.1349E+06   0.2610E+02   0.4701E+00
0.1349E+06   0.2622E+02   0.4702E+00
0.1349E+06   0.2633E+02   0.4704E+00
0.1349E+06   0.2650E+02   0.4702E+00
0.6971E+05   0.2667E+02   0.4700E+00
0.6976E+05   0.2683E+02   0.4702E+00
0.6975E+05   0.2700E+02   0.4703E+00
0.6975E+05   0.2712E+02   0.4701E+00
0.6975E+05   0.2723E+02   0.4699E+00
0.7025E+05   0.2733E+02   0.4699E+00
0.7810E+05   0.2750E+02   0.4700E+00
0.7806E+05   0.2767E+02   0.4699E+00
0.7848E+05   0.2783E+02   0.4699E+00
0.7842E+05   0.2800E+02   0.4698E+00
0.7945E+05   0.2817E+02   0.4697E+00
0.7878E+05   0.2833E+02   0.4695E+00
0.7884E+05   0.2850E+02   0.4693E+00
0.3005E+04   0.2867E+02   0.4692E+00
0.4385E+04   0.2900E+02   0.4688E+00
0.4384E+04   0.2933E+02   0.4686E+00
0.4383E+04   0.2967E+02   0.4686E+00
0.4382E+04   0.3000E+02   0.4685E+00
0.4381E+04   0.3033E+02   0.4685E+00
0.4380E+04   0.3067E+02   0.4685E+00
0.4379E+04   0.3100E+02   0.4684E+00
0.4378E+04   0.3133E+02   0.4684E+00
0.4377E+04   0.3167E+02   0.4684E+00
0.4376E+04   0.3200E+02   0.4684E+00
0.4375E+04   0.3233E+02   0.4684E+00
0.4374E+04   0.3267E+02   0.4683E+00
0.4373E+04   0.3300E+02   0.4683E+00
0.4372E+04   0.3333E+02   0.4683E+00
0.4371E+04   0.3367E+02   0.4683E+00
0.4370E+04   0.3400E+02   0.4683E+00
0.4369E+04   0.3433E+02   0.4683E+00
0.4368E+04   0.3467E+02   0.4683E+00
0.4367E+04   0.3500E+02   0.4683E+00
0.4366E+04   0.3533E+02   0.4682E+00
0.4365E+04   0.3567E+02   0.4682E+00
0.4364E+04   0.3600E+02   0.4682E+00
0.4363E+04   0.3633E+02   0.4682E+00
0.4362E+04   0.3667E+02   0.4682E+00
0.4361E+04   0.3700E+02   0.4682E+00
0.4360E+04   0.3733E+02   0.4682E+00
0.4359E+04   0.3767E+02   0.4682E+00
0.4358E+04   0.3800E+02   0.4682E+00
0.4357E+04   0.3833E+02   0.4682E+00
0.4356E+04   0.3867E+02   0.4682E+00
0.4355E+04   0.3900E+02   0.4682E+00
0.4354E+04   0.3933E+02   0.4682E+00
0.4353E+04   0.3967E+02   0.4682E+00
0.4352E+04   0.4000E+02   0.4682E+00
0.4351E+04   0.4033E+02   0.4682E+00
0.4350E+04   0.4067E+02   0.4681E+00
0.4349E+04   0.4100E+02   0.4681E+00
0.4348E+04   0.4133E+02   0.4681E+00
0.4347E+04   0.4167E+02   0.4681E+00
0.4346E+04   0.4200E+02   0.4681E+00
0.4345E+04   0.4233E+02   0.4681E+00
0.4344E+04   0.4267E+02   0.4681E+00
0.4343E+04   0.4300E+02   0.4681E+00
0.3697E+04   0.4333E+02   0.4681E+00
