0.1563E+06   0.0000E+00   0.7948E-02
0.1564E+06   0.1322E+01   0.8433E-02
0.1564E+06   0.2500E+01   0.9327E-02
0.1564E+06   0.3550E+01   0.1050E-01
0.1564E+06   0.4486E+01   0.1187E-01
0.1564E+06   0.5320E+01   0.1336E-01
0.1564E+06   0.6064E+01   0.1491E-01
0.1564E+06   0.6727E+01   0.1647E-01
0.1564E+06   0.7318E+01   0.1799E-01
0.1564E+06   0.7845E+01   0.1944E-01
0.1564E+06   0.8315E+01   0.2079E-01
0.1564E+06   0.8733E+01   0.2200E-01
0.1564E+06   0.9107E+01   0.2306E-01
0.1564E+06   0.9439E+01   0.2396E-01
0.1564E+06   0.9736E+01   0.2464E-01
0.1465E+06   0.1000E+02   0.2525E-01
0.1465E+06   0.1033E+02   0.2687E-01
0.1465E+06   0.1067E+02   0.2809E-01
0.1465E+06   0.1100E+02   0.2933E-01
0.1465E+06   0.1133E+02   0.3053E-01
0.1465E+06   0.1167E+02   0.3172E-01
0.1465E+06   0.1200E+02   0.3288E-01
0.1465E+06   0.1233E+02   0.3401E-01
0.1465E+06   0.1267E+02   0.3510E-01
0.1465E+06   0.1300E+02   0.3617E-01
0.1465E+06   0.1333E+02   0.3719E-01
0.1465E+06   0.1367E+02   0.3818E-01
0.1465E+06   0.1400E+02   0.3912E-01
0.1465E+06   0.1433E+02   0.4002E-01
0.1465E+06   0.1467E+02   0.4087E-01
0.1465E+06   0.1500E+02   0.4169E-01
0.1465E+06   0.1533E+02   0.4245E-01
0.1465E+06   0.1567E+02   0.4318E-01
0.1465E+06   0.1600E+02   0.4386E-01
0.1466E+06   0.1633E+02   0.4451E-01
0.1466E+06   0.1667E+02   0.4511E-01
0.1466E+06   0.1700E+02   0.4568E-01
0.1466E+06   0.1733E+02   0.4621E-01
0.1466E+06   0.1767E+02   0.4671E-01
0.1466E+06   0.1800E+02   0.4718E-01
0.1466E+06   0.1833E+02   0.4761E-01
0.1466E+06   0.1867E+02   0.4802E-01
0.1466E+06   0.1900E+02   0.4840E-01
0.1466E+06   0.1933E+02   0.4876E-01
0.1466E+06   0.1967E+02   0.4910E-01
0.1466E+06   0.2000E+02   0.4941E-01
0.1466E+06   0.2033E+02   0.4971E-01
0.1466E+06   0.2067E+02   0.4999E-01
0.1466E+06   0.2100E+02   0.5025E-01
0.1466E+06   0.2133E+02   0.5049E-01
0.1466E+06   0.2167E+02   0.5072E-01
0.1466E+06   0.2200E+02   0.5093E-01
0.1466E+06   0.2233E+02   0.5114E-01
0.1466E+06   0.2267E+02   0.5133E-01
0.1466E+06   0.2300E+02   0.5151E-01
0.1466E+06   0.2333E+02   0.5168E-01
0.1466E+06   0.2367E+02   0.5184E-01
0.1466E+06   0.2400E+02   0.5199E-01
0.1466E+06   0.2433E+02   0.5213E-01
0.1079E+06   0.2467E+02   0.5226E-01
0.1082E+06   0.2483E+02   0.5233E-01
0.1081E+06   0.2500E+02   0.5245E-01
0.1082E+06   0.2517E+02   0.5245E-01
0.1082E+06   0.2533E+02   0.5238E-01
0.1084E+06   0.2550E+02   0.5256E-01
0.1083E+06   0.2567E+02   0.5271E-01
0.1084E+06   0.2583E+02   0.5264E-01
0.1084E+06   0.2600E+02   0.5255E-01
0.1085E+06   0.2617E+02   0.5273E-01
0.1085E+06   0.2633E+02   0.5279E-01
0.1086E+06   0.2650E+02   0.5287E-01
0.7534E+05   0.2667E+02   0.5295E-01
0.7543E+05   0.2683E+02   0.5297E-01
0.7538E+05   0.2700E+02   0.5298E-01
0.7722E+05   0.2717E+02   0.5302E-01
0.7718E+05   0.2733E+02   0.5293E-01
0.7812E+05   0.2750E+02   0.5312E-01
0.7806E+05   0.2767E+02   0.5329E-01
0.7847E+05   0.2783E+02   0.5323E-01
0.7843E+05   0.2800E+02   0.5315E-01
0.7944E+05   0.2817E+02   0.5332E-01
0.7879E+05   0.2833E+02   0.5341E-01
0.7883E+05   0.2850E+02   0.5339E-01
0.1593E+04   0.2867E+02   0.5343E-01
0.2973E+04   0.2900E+02   0.5350E-01
0.2972E+04   0.2933E+02   0.5357E-01
0.2971E+04   0.2967E+02   0.5363E-01
0.2970E+04   0.3000E+02   0.5369E-01
0.2969E+04   0.3033E+02   0.5374E-01
0.2968E+04   0.3067E+02   0.5380E-01
0.2967E+04   0.3100E+02   0.5385E-01
0.2966E+04   0.3133E+02   0.5389E-01
0.2965E+04   0.3167E+02   0.5394E-01
0.2964E+04   0.3200E+02   0.5398E-01
0.2963E+04   0.3233E+02   0.5402E-01
0.2962E+04   0.3267E+02   0.5406E-01
0.2961E+04   0.3300E+02   0.5410E-01
0.2960E+04   0.3333E+02   0.5413E-01
0.2959E+04   0.3367E+02   0.5416E-01
0.2958E+04   0.3400E+02   0.5420E-01
0.2957E+04   0.3433E+02   0.5423E-01
0.2956E+04   0.3467E+02   0.5425E-01
0.2955E+04   0.3500E+02   0.5428E-01
0.2954E+04   0.3533E+02   0.5431E-01
0.2953E+04   0.3567E+02   0.5433E-01
0.2952E+04   0.3600E+02   0.5435E-01
0.2951E+04   0.3633E+02   0.5437E-01
0.2950E+04   0.3667E+02   0.5439E-01
0.2949E+04   0.3700E+02   0.5441E-01
0.2948E+04   0.3733E+02   0.5443E-01
0.2947E+04   0.3767E+02   0.5444E-01
0.2946E+04   0.3800E+02   0.5446E-01
0.2945E+04   0.3833E+02   0.5447E-01
0.2944E+04   0.3867E+02   0.5449E-01
0.2943E+04   0.3900E+02   0.5450E-01
0.2942E+04   0.3933E+02   0.5451E-01
0.2941E+04   0.3967E+02   0.5452E-01
0.2940E+04   0.4000E+02   0.5453E-01
0.2939E+04   0.4033E+02   0.5454E-01
0.2938E+04   0.4067E+02   0.5454E-01
0.2937E+04   0.4100E+02   0.5455E-01
0.2936E+04   0.4133E+02   0.5456E-01
0.2935E+04   0.4167E+02   0.5456E-01
0.2934E+04   0.4200E+02   0.5457E-01
0.2933E+04   0.4233E+02   0.5457E-01
0.2932E+04   0.4267E+02   0.5457E-01
0.2931E+04   0.4300E+02   0.5457E-01
0.2270E+04   0.4333E+02   0.5457E-01
