0.1563E+06   0.0000E+00   0.1726E-02
0.1564E+06   0.1322E+01   0.1984E-02
0.1564E+06   0.2500E+01   0.2392E-02
0.1564E+06   0.3550E+01   0.2991E-02
0.1564E+06   0.4486E+01   0.3844E-02
0.1564E+06   0.5320E+01   0.5067E-02
0.1564E+06   0.6064E+01   0.6844E-02
0.1564E+06   0.6727E+01   0.9501E-02
0.1564E+06   0.7318E+01   0.1349E-01
0.1564E+06   0.7845E+01   0.1965E-01
0.1564E+06   0.8315E+01   0.2871E-01
0.1564E+06   0.8733E+01   0.4232E-01
0.1564E+06   0.9107E+01   0.5925E-01
0.1564E+06   0.9439E+01   0.8277E-01
0.1564E+06   0.9736E+01   0.9627E-01
0.1465E+06   0.1000E+02   0.1345E+00
0.1465E+06   0.1033E+02   0.3732E+00
0.1465E+06   0.1067E+02   0.4323E+00
0.1465E+06   0.1100E+02   0.4751E+00
0.1465E+06   0.1133E+02   0.4966E+00
0.1465E+06   0.1167E+02   0.5122E+00
0.1465E+06   0.1200E+02   0.5220E+00
0.1465E+06   0.1233E+02   0.5293E+00
0.1465E+06   0.1267E+02   0.5345E+00
0.1465E+06   0.1300E+02   0.5385E+00
0.1465E+06   0.1333E+02   0.5415E+00
0.1465E+06   0.1367E+02   0.5439E+00
0.1465E+06   0.1400E+02   0.5459E+00
0.1465E+06   0.1433E+02   0.5475E+00
0.1465E+06   0.1467E+02   0.5488E+00
0.1465E+06   0.1500E+02   0.5499E+00
0.1465E+06   0.1533E+02   0.5509E+00
0.1465E+06   0.1567E+02   0.5517E+00
0.1465E+06   0.1600E+02   0.5524E+00
0.1466E+06   0.1633E+02   0.5531E+00
0.1466E+06   0.1667E+02   0.5536E+00
0.1466E+06   0.1700E+02   0.5541E+00
0.1466E+06   0.1733E+02   0.5546E+00
0.1466E+06   0.1767E+02   0.5550E+00
0.1466E+06   0.1800E+02   0.5554E+00
0.1466E+06   0.1833E+02   0.5557E+00
0.1466E+06   0.1867E+02   0.5560E+00
0.1466E+06   0.1900E+02   0.5563E+00
0.1466E+06   0.1933E+02   0.5566E+00
0.1466E+06   0.1967E+02   0.5568E+00
0.1466E+06   0.2000E+02   0.5570E+00
0.1466E+06   0.2033E+02   0.5572E+00
0.1466E+06   0.2067E+02   0.5574E+00
0.1466E+06   0.2100E+02   0.5576E+00
0.1466E+06   0.2133E+02   0.5577E+00
0.1466E+06   0.2167E+02   0.5579E+00
0.1466E+06   0.2200E+02   0.5580E+00
0.1466E+06   0.2233E+02   0.5582E+00
0.1466E+06   0.2267E+02   0.5583E+00
0.1466E+06   0.2300E+02   0.5584E+00
0.1466E+06   0.2333E+02   0.5585E+00
0.1466E+06   0.2367E+02   0.5587E+00
0.1466E+06   0.2400E+02   0.5588E+00
0.1466E+06   0.2433E+02   0.5591E+00
0.1079E+06   0.2467E+02   0.5595E+00
0.1082E+06   0.2483E+02   0.5597E+00
0.1081E+06   0.2500E+02   0.5600E+00
0.1082E+06   0.2517E+02   0.5602E+00
0.1082E+06   0.2533E+02   0.5604E+00
0.1084E+06   0.2550E+02   0.5604E+00
0.1083E+06   0.2567E+02   0.5605E+00
0.1084E+06   0.2583E+02   0.5605E+00
0.1084E+06   0.2600E+02   0.5606E+00
0.1085E+06   0.2617E+02   0.5607E+00
0.1085E+06   0.2633E+02   0.5607E+00
0.1086E+06   0.2650E+02   0.5607E+00
0.7534E+05   0.2667E+02   0.5606E+00
0.7543E+05   0.2683E+02   0.5608E+00
0.7538E+05   0.2700E+02   0.5609E+00
0.7722E+05   0.2717E+02   0.5609E+00
0.7718E+05   0.2733E+02   0.5608E+00
0.7812E+05   0.2750E+02   0.5608E+00
0.7806E+05   0.2767E+02   0.5608E+00
0.7847E+05   0.2783E+02   0.5608E+00
0.7843E+05   0.2800E+02   0.5609E+00
0.7944E+05   0.2817E+02   0.5607E+00
0.7879E+05   0.2833E+02   0.5606E+00
0.7883E+05   0.2850E+02   0.5604E+00
0.1593E+04   0.2867E+02   0.5602E+00
0.2973E+04   0.2900E+02   0.5599E+00
0.2972E+04   0.2933E+02   0.5598E+00
0.2971E+04   0.2967E+02   0.5598E+00
0.2970E+04   0.3000E+02   0.5598E+00
0.2969E+04   0.3033E+02   0.5598E+00
0.2968E+04   0.3067E+02   0.5598E+00
0.2967E+04   0.3100E+02   0.5598E+00
0.2966E+04   0.3133E+02   0.5598E+00
0.2965E+04   0.3167E+02   0.5599E+00
0.2964E+04   0.3200E+02   0.5599E+00
0.2963E+04   0.3233E+02   0.5599E+00
0.2962E+04   0.3267E+02   0.5599E+00
0.2961E+04   0.3300E+02   0.5600E+00
0.2960E+04   0.3333E+02   0.5600E+00
0.2959E+04   0.3367E+02   0.5600E+00
0.2958E+04   0.3400E+02   0.5600E+00
0.2957E+04   0.3433E+02   0.5600E+00
0.2956E+04   0.3467E+02   0.5600E+00
0.2955E+04   0.3500E+02   0.5600E+00
0.2954E+04   0.3533E+02   0.5600E+00
0.2953E+04   0.3567E+02   0.5601E+00
0.2952E+04   0.3600E+02   0.5601E+00
0.2951E+04   0.3633E+02   0.5601E+00
0.2950E+04   0.3667E+02   0.5601E+00
0.2949E+04   0.3700E+02   0.5601E+00
0.2948E+04   0.3733E+02   0.5601E+00
0.2947E+04   0.3767E+02   0.5601E+00
0.2946E+04   0.3800E+02   0.5601E+00
0.2945E+04   0.3833E+02   0.5601E+00
0.2944E+04   0.3867E+02   0.5601E+00
0.2943E+04   0.3900E+02   0.5601E+00
0.2942E+04   0.3933E+02   0.5601E+00
0.2941E+04   0.3967E+02   0.5601E+00
0.2940E+04   0.4000E+02   0.5601E+00
0.2939E+04   0.4033E+02   0.5601E+00
0.2938E+04   0.4067E+02   0.5601E+00
0.2937E+04   0.4100E+02   0.5601E+00
0.2936E+04   0.4133E+02   0.5601E+00
0.2935E+04   0.4167E+02   0.5602E+00
0.2934E+04   0.4200E+02   0.5602E+00
0.2933E+04   0.4233E+02   0.5602E+00
0.2932E+04   0.4267E+02   0.5602E+00
0.2931E+04   0.4300E+02   0.5602E+00
0.2270E+04   0.4333E+02   0.5602E+00
