0.8140E+03   0.2204E-15   -.5613E-01
0.1165E+04   0.4500E+00   0.6304E-01
0.1164E+04   0.9000E+00   0.1261E+00
0.1163E+04   0.1350E+01   0.1891E+00
0.1162E+04   0.1800E+01   0.2521E+00
0.1161E+04   0.2250E+01   0.3152E+00
0.1160E+04   0.2700E+01   0.3782E+00
0.1159E+04   0.3150E+01   0.4412E+00
0.1166E+04   0.3600E+01   0.5042E+00
0.2269E+04   0.3800E+01   0.5322E+00
0.2270E+04   0.4000E+01   0.5602E+00
0.1835E+05   0.4283E+01   0.5247E+00
0.1835E+05   0.4622E+01   0.4880E+00
0.1835E+05   0.5026E+01   0.4505E+00
0.1836E+05   0.5508E+01   0.4130E+00
0.1836E+05   0.6084E+01   0.3761E+00
0.1836E+05   0.6771E+01   0.3403E+00
0.1836E+05   0.7591E+01   0.3062E+00
0.1836E+05   0.8571E+01   0.2743E+00
0.1836E+05   0.9740E+01   0.2449E+00
0.1836E+05   0.1114E+02   0.2182E+00
0.1836E+05   0.1280E+02   0.1945E+00
0.1836E+05   0.1479E+02   0.1736E+00
0.1836E+05   0.1717E+02   0.1556E+00
0.1474E+05   0.2000E+02   0.1402E+00
0.1474E+05   0.2175E+02   0.1328E+00
0.1474E+05   0.2381E+02   0.1257E+00
0.1474E+05   0.2624E+02   0.1189E+00
0.1474E+05   0.2909E+02   0.1125E+00
0.1474E+05   0.3245E+02   0.1064E+00
0.1474E+05   0.3641E+02   0.1008E+00
0.1474E+05   0.4106E+02   0.9552E-01
0.1475E+05   0.4654E+02   0.9063E-01
0.1475E+05   0.5298E+02   0.8608E-01
0.1475E+05   0.6057E+02   0.8182E-01
0.1475E+05   0.6949E+02   0.7769E-01
0.1475E+05   0.8000E+02   0.7314E-01
