0.2325E+05   -.8000E+02   -.2219E+01
0.2378E+05   -.6949E+02   -.2218E+01
0.2378E+05   -.6057E+02   -.2219E+01
0.2378E+05   -.5298E+02   -.2222E+01
0.2378E+05   -.4654E+02   -.2227E+01
0.2378E+05   -.4106E+02   -.2232E+01
0.2378E+05   -.3641E+02   -.2239E+01
0.2378E+05   -.3245E+02   -.2246E+01
0.2377E+05   -.2909E+02   -.2256E+01
0.2377E+05   -.2624E+02   -.2266E+01
0.2377E+05   -.2381E+02   -.2278E+01
0.2377E+05   -.2175E+02   -.2291E+01
0.1779E+05   -.2000E+02   -.2306E+01
0.1775E+05   -.1717E+02   -.2338E+01
0.1775E+05   -.1479E+02   -.2380E+01
0.1775E+05   -.1280E+02   -.2435E+01
0.1774E+05   -.1114E+02   -.2505E+01
0.1774E+05   -.9740E+01   -.2594E+01
0.1774E+05   -.8571E+01   -.2703E+01
0.1774E+05   -.7591E+01   -.2837E+01
0.1774E+05   -.6771E+01   -.2997E+01
0.1774E+05   -.6084E+01   -.3185E+01
0.1774E+05   -.5508E+01   -.3400E+01
0.1774E+05   -.5026E+01   -.3641E+01
0.1774E+05   -.4622E+01   -.3905E+01
0.1774E+05   -.4283E+01   -.4187E+01
0.4590E+03   -.4000E+01   -.4433E+01
0.4580E+03   -.3800E+01   0.0000E+00
0.4620E+03   -.3600E+01   0.0000E+00
0.8130E+03   -.3150E+01   0.0000E+00
0.8120E+03   -.2700E+01   0.0000E+00
0.8110E+03   -.2250E+01   0.0000E+00
0.8100E+03   -.1800E+01   0.0000E+00
0.8090E+03   -.1350E+01   0.0000E+00
0.8080E+03   -.9000E+00   0.0000E+00
0.8070E+03   -.4500E+00   0.0000E+00
0.8140E+03   -.6217E-14   0.0000E+00
0.1511E+04   0.4500E+00   0.0000E+00
0.1512E+04   0.9000E+00   0.0000E+00
0.1513E+04   0.1350E+01   0.0000E+00
0.1514E+04   0.1800E+01   0.0000E+00
0.1515E+04   0.2250E+01   0.0000E+00
0.1516E+04   0.2700E+01   0.0000E+00
0.1517E+04   0.3150E+01   0.0000E+00
0.1561E+04   0.3600E+01   0.0000E+00
0.3681E+04   0.3800E+01   0.0000E+00
0.3697E+04   0.4000E+01   -.4466E+01
0.1927E+05   0.4283E+01   -.4215E+01
0.1927E+05   0.4622E+01   -.3927E+01
0.1927E+05   0.5026E+01   -.3660E+01
0.1927E+05   0.5508E+01   -.3417E+01
0.1927E+05   0.6084E+01   -.3201E+01
0.1927E+05   0.6771E+01   -.3015E+01
0.1927E+05   0.7591E+01   -.2856E+01
0.1928E+05   0.8571E+01   -.2725E+01
0.1928E+05   0.9740E+01   -.2619E+01
0.1928E+05   0.1114E+02   -.2535E+01
0.1928E+05   0.1280E+02   -.2471E+01
0.1928E+05   0.1479E+02   -.2426E+01
0.1928E+05   0.1717E+02   -.2397E+01
0.1932E+05   0.2000E+02   -.2387E+01
