0.1563E+06   0.0000E+00   -.2211E+01
0.1563E+06   0.1322E+01   -.2211E+01
0.1563E+06   0.2500E+01   -.2213E+01
0.1563E+06   0.3550E+01   -.2215E+01
0.1563E+06   0.4486E+01   -.2217E+01
0.1563E+06   0.5320E+01   -.2221E+01
0.1563E+06   0.6064E+01   -.2227E+01
0.1563E+06   0.6727E+01   -.2234E+01
0.1563E+06   0.7318E+01   -.2243E+01
0.1563E+06   0.7845E+01   -.2254E+01
0.1563E+06   0.8315E+01   -.2256E+01
0.1563E+06   0.8733E+01   -.2258E+01
0.1563E+06   0.9107E+01   -.2206E+01
0.1563E+06   0.9439E+01   -.2241E+01
0.1563E+06   0.9736E+01   -.2092E+01
0.1459E+06   0.1000E+02   -.3164E+01
0.1458E+06   0.1033E+02   0.2741E+00
0.1458E+06   0.1067E+02   -.2535E+00
0.1458E+06   0.1100E+02   -.3583E-01
0.1458E+06   0.1133E+02   -.1207E+00
0.1458E+06   0.1167E+02   -.8947E-01
0.1458E+06   0.1200E+02   -.1032E+00
0.1458E+06   0.1233E+02   -.9882E-01
0.1458E+06   0.1267E+02   -.1014E+00
0.1458E+06   0.1300E+02   -.1010E+00
0.1458E+06   0.1333E+02   -.1016E+00
0.1458E+06   0.1367E+02   -.1017E+00
0.1458E+06   0.1400E+02   -.1019E+00
0.1458E+06   0.1433E+02   -.1021E+00
0.1458E+06   0.1467E+02   -.1022E+00
0.1458E+06   0.1500E+02   -.1023E+00
0.1458E+06   0.1533E+02   -.1024E+00
0.1458E+06   0.1567E+02   -.1025E+00
0.1458E+06   0.1600E+02   -.1025E+00
0.1458E+06   0.1633E+02   -.1026E+00
0.1458E+06   0.1667E+02   -.1026E+00
0.1458E+06   0.1700E+02   -.1027E+00
0.1458E+06   0.1733E+02   -.1027E+00
0.1458E+06   0.1767E+02   -.1028E+00
0.1458E+06   0.1800E+02   -.1028E+00
0.1459E+06   0.1833E+02   -.1028E+00
0.1459E+06   0.1867E+02   -.1028E+00
0.1459E+06   0.1900E+02   -.1029E+00
0.1459E+06   0.1933E+02   -.1029E+00
0.1459E+06   0.1967E+02   -.1029E+00
0.1459E+06   0.2000E+02   -.1029E+00
0.1459E+06   0.2033E+02   -.1030E+00
0.1459E+06   0.2067E+02   -.1030E+00
0.1459E+06   0.2100E+02   -.1030E+00
0.1459E+06   0.2133E+02   -.1030E+00
0.1459E+06   0.2167E+02   -.1030E+00
0.1459E+06   0.2200E+02   -.1031E+00
0.1459E+06   0.2233E+02   -.1031E+00
0.1459E+06   0.2267E+02   -.1031E+00
0.1459E+06   0.2300E+02   -.1031E+00
0.1459E+06   0.2333E+02   -.1031E+00
0.1459E+06   0.2367E+02   -.1031E+00
0.1459E+06   0.2400E+02   -.1033E+00
0.1459E+06   0.2433E+02   -.1028E+00
0.1189E+06   0.2467E+02   -.1401E+00
0.1189E+06   0.2483E+02   -.9924E-02
0.1189E+06   0.2500E+02   -.2608E-03
0.1191E+06   0.2517E+02   -.5819E-02
0.1190E+06   0.2533E+02   0.2278E-02
0.1191E+06   0.2550E+02   -.4561E-02
0.1191E+06   0.2567E+02   0.2891E-02
0.1192E+06   0.2583E+02   -.3533E-02
0.1183E+06   0.2600E+02   -.2766E-02
0.1349E+06   0.2610E+02   -.1240E-01
0.1349E+06   0.2622E+02   -.1317E-01
0.1349E+06   0.2633E+02   -.5296E-02
0.1349E+06   0.2650E+02   -.1090E-01
0.6971E+05   0.2667E+02   -.2399E-02
0.6976E+05   0.2683E+02   -.1090E-01
0.6975E+05   0.2700E+02   -.5297E-02
0.6975E+05   0.2712E+02   -.1318E-01
0.6975E+05   0.2723E+02   -.1241E-01
0.7025E+05   0.2733E+02   -.2768E-02
0.7810E+05   0.2750E+02   -.3533E-02
0.7806E+05   0.2767E+02   0.2891E-02
0.7848E+05   0.2783E+02   -.4564E-02
0.7842E+05   0.2800E+02   0.2278E-02
0.7945E+05   0.2817E+02   -.5823E-02
0.7878E+05   0.2833E+02   -.2625E-03
0.7884E+05   0.2850E+02   -.9935E-02
0.3005E+04   0.2867E+02   -.1402E+00
0.4385E+04   0.2900E+02   -.1029E+00
0.4384E+04   0.2933E+02   -.1034E+00
0.4383E+04   0.2967E+02   -.1032E+00
0.4382E+04   0.3000E+02   -.1033E+00
0.4381E+04   0.3033E+02   -.1032E+00
0.4380E+04   0.3067E+02   -.1033E+00
0.4379E+04   0.3100E+02   -.1032E+00
0.4378E+04   0.3133E+02   -.1033E+00
0.4377E+04   0.3167E+02   -.1033E+00
0.4376E+04   0.3200E+02   -.1033E+00
0.4375E+04   0.3233E+02   -.1033E+00
0.4374E+04   0.3267E+02   -.1033E+00
0.4373E+04   0.3300E+02   -.1033E+00
0.4372E+04   0.3333E+02   -.1033E+00
0.4371E+04   0.3367E+02   -.1033E+00
0.4370E+04   0.3400E+02   -.1033E+00
0.4369E+04   0.3433E+02   -.1033E+00
0.4368E+04   0.3467E+02   -.1033E+00
0.4367E+04   0.3500E+02   -.1033E+00
0.4366E+04   0.3533E+02   -.1033E+00
0.4365E+04   0.3567E+02   -.1033E+00
0.4364E+04   0.3600E+02   -.1033E+00
0.4363E+04   0.3633E+02   -.1033E+00
0.4362E+04   0.3667E+02   -.1033E+00
0.4361E+04   0.3700E+02   -.1033E+00
0.4360E+04   0.3733E+02   -.1033E+00
0.4359E+04   0.3767E+02   -.1033E+00
0.4358E+04   0.3800E+02   -.1033E+00
0.4357E+04   0.3833E+02   -.1033E+00
0.4356E+04   0.3867E+02   -.1033E+00
0.4355E+04   0.3900E+02   -.1033E+00
0.4354E+04   0.3933E+02   -.1033E+00
0.4353E+04   0.3967E+02   -.1033E+00
0.4352E+04   0.4000E+02   -.1033E+00
0.4351E+04   0.4033E+02   -.1033E+00
0.4350E+04   0.4067E+02   -.1033E+00
0.4349E+04   0.4100E+02   -.1033E+00
0.4348E+04   0.4133E+02   -.1033E+00
0.4347E+04   0.4167E+02   -.1033E+00
0.4346E+04   0.4200E+02   -.1033E+00
0.4345E+04   0.4233E+02   -.1033E+00
0.4344E+04   0.4267E+02   -.1033E+00
0.4343E+04   0.4300E+02   -.1033E+00
0.3697E+04   0.4333E+02   -.1033E+00
