0.1563E+06   0.0000E+00   -.2211E+01
0.1564E+06   0.1322E+01   -.2212E+01
0.1564E+06   0.2500E+01   -.2214E+01
0.1564E+06   0.3550E+01   -.2217E+01
0.1564E+06   0.4486E+01   -.2221E+01
0.1564E+06   0.5320E+01   -.2227E+01
0.1564E+06   0.6064E+01   -.2234E+01
0.1564E+06   0.6727E+01   -.2243E+01
0.1564E+06   0.7318E+01   -.2254E+01
0.1564E+06   0.7845E+01   -.2267E+01
0.1564E+06   0.8315E+01   -.2272E+01
0.1564E+06   0.8733E+01   -.2277E+01
0.1564E+06   0.9107E+01   -.2227E+01
0.1564E+06   0.9439E+01   -.2268E+01
0.1564E+06   0.9736E+01   -.2125E+01
0.1465E+06   0.1000E+02   -.3220E+01
0.1465E+06   0.1033E+02   0.2789E+00
0.1465E+06   0.1067E+02   -.2570E+00
0.1465E+06   0.1100E+02   -.3515E-01
0.1465E+06   0.1133E+02   -.1216E+00
0.1465E+06   0.1167E+02   -.8970E-01
0.1465E+06   0.1200E+02   -.1036E+00
0.1465E+06   0.1233E+02   -.9922E-01
0.1465E+06   0.1267E+02   -.1018E+00
0.1465E+06   0.1300E+02   -.1014E+00
0.1465E+06   0.1333E+02   -.1021E+00
0.1465E+06   0.1367E+02   -.1022E+00
0.1465E+06   0.1400E+02   -.1024E+00
0.1465E+06   0.1433E+02   -.1026E+00
0.1465E+06   0.1467E+02   -.1027E+00
0.1465E+06   0.1500E+02   -.1028E+00
0.1465E+06   0.1533E+02   -.1029E+00
0.1465E+06   0.1567E+02   -.1030E+00
0.1465E+06   0.1600E+02   -.1030E+00
0.1466E+06   0.1633E+02   -.1031E+00
0.1466E+06   0.1667E+02   -.1032E+00
0.1466E+06   0.1700E+02   -.1032E+00
0.1466E+06   0.1733E+02   -.1032E+00
0.1466E+06   0.1767E+02   -.1033E+00
0.1466E+06   0.1800E+02   -.1033E+00
0.1466E+06   0.1833E+02   -.1033E+00
0.1466E+06   0.1867E+02   -.1034E+00
0.1466E+06   0.1900E+02   -.1034E+00
0.1466E+06   0.1933E+02   -.1034E+00
0.1466E+06   0.1967E+02   -.1034E+00
0.1466E+06   0.2000E+02   -.1034E+00
0.1466E+06   0.2033E+02   -.1035E+00
0.1466E+06   0.2067E+02   -.1035E+00
0.1466E+06   0.2100E+02   -.1035E+00
0.1466E+06   0.2133E+02   -.1035E+00
0.1466E+06   0.2167E+02   -.1035E+00
0.1466E+06   0.2200E+02   -.1035E+00
0.1466E+06   0.2233E+02   -.1035E+00
0.1466E+06   0.2267E+02   -.1036E+00
0.1466E+06   0.2300E+02   -.1036E+00
0.1466E+06   0.2333E+02   -.1036E+00
0.1466E+06   0.2367E+02   -.1036E+00
0.1466E+06   0.2400E+02   -.1036E+00
0.1466E+06   0.2433E+02   -.1035E+00
0.1079E+06   0.2467E+02   -.1717E+00
0.1082E+06   0.2483E+02   -.9919E-02
0.1081E+06   0.2500E+02   0.4954E-02
0.1082E+06   0.2517E+02   -.9169E-02
0.1082E+06   0.2533E+02   -.1264E-01
0.1084E+06   0.2550E+02   -.1134E-01
0.1083E+06   0.2567E+02   -.5846E-02
0.1084E+06   0.2583E+02   -.5296E-02
0.1084E+06   0.2600E+02   -.2716E-02
0.1085E+06   0.2617E+02   -.3555E-02
0.1085E+06   0.2633E+02   -.5556E-02
0.1086E+06   0.2650E+02   -.6860E-02
0.7534E+05   0.2667E+02   0.2482E-02
0.7543E+05   0.2683E+02   -.6860E-02
0.7538E+05   0.2700E+02   -.5557E-02
0.7722E+05   0.2717E+02   -.3555E-02
0.7718E+05   0.2733E+02   -.2716E-02
0.7812E+05   0.2750E+02   -.5296E-02
0.7806E+05   0.2767E+02   -.5846E-02
0.7847E+05   0.2783E+02   -.1135E-01
0.7843E+05   0.2800E+02   -.1265E-01
0.7944E+05   0.2817E+02   -.9172E-02
0.7879E+05   0.2833E+02   0.4961E-02
0.7883E+05   0.2850E+02   -.9931E-02
0.1593E+04   0.2867E+02   -.1718E+00
0.2973E+04   0.2900E+02   -.1036E+00
0.2972E+04   0.2933E+02   -.1037E+00
0.2971E+04   0.2967E+02   -.1037E+00
0.2970E+04   0.3000E+02   -.1037E+00
0.2969E+04   0.3033E+02   -.1037E+00
0.2968E+04   0.3067E+02   -.1037E+00
0.2967E+04   0.3100E+02   -.1037E+00
0.2966E+04   0.3133E+02   -.1037E+00
0.2965E+04   0.3167E+02   -.1037E+00
0.2964E+04   0.3200E+02   -.1037E+00
0.2963E+04   0.3233E+02   -.1037E+00
0.2962E+04   0.3267E+02   -.1037E+00
0.2961E+04   0.3300E+02   -.1037E+00
0.2960E+04   0.3333E+02   -.1037E+00
0.2959E+04   0.3367E+02   -.1037E+00
0.2958E+04   0.3400E+02   -.1037E+00
0.2957E+04   0.3433E+02   -.1037E+00
0.2956E+04   0.3467E+02   -.1037E+00
0.2955E+04   0.3500E+02   -.1037E+00
0.2954E+04   0.3533E+02   -.1037E+00
0.2953E+04   0.3567E+02   -.1038E+00
0.2952E+04   0.3600E+02   -.1038E+00
0.2951E+04   0.3633E+02   -.1038E+00
0.2950E+04   0.3667E+02   -.1038E+00
0.2949E+04   0.3700E+02   -.1038E+00
0.2948E+04   0.3733E+02   -.1038E+00
0.2947E+04   0.3767E+02   -.1038E+00
0.2946E+04   0.3800E+02   -.1038E+00
0.2945E+04   0.3833E+02   -.1038E+00
0.2944E+04   0.3867E+02   -.1038E+00
0.2943E+04   0.3900E+02   -.1038E+00
0.2942E+04   0.3933E+02   -.1038E+00
0.2941E+04   0.3967E+02   -.1038E+00
0.2940E+04   0.4000E+02   -.1038E+00
0.2939E+04   0.4033E+02   -.1038E+00
0.2938E+04   0.4067E+02   -.1038E+00
0.2937E+04   0.4100E+02   -.1038E+00
0.2936E+04   0.4133E+02   -.1038E+00
0.2935E+04   0.4167E+02   -.1038E+00
0.2934E+04   0.4200E+02   -.1038E+00
0.2933E+04   0.4233E+02   -.1038E+00
0.2932E+04   0.4267E+02   -.1038E+00
0.2931E+04   0.4300E+02   -.1038E+00
0.2270E+04   0.4333E+02   -.1038E+00
