0.1563E+06   0.0000E+00   -.2212E+01
0.1563E+06   0.1322E+01   -.2213E+01
0.1563E+06   0.2500E+01   -.2215E+01
0.1563E+06   0.3550E+01   -.2218E+01
0.1563E+06   0.4486E+01   -.2223E+01
0.1563E+06   0.5320E+01   -.2229E+01
0.1563E+06   0.6064E+01   -.2237E+01
0.1563E+06   0.6727E+01   -.2249E+01
0.1563E+06   0.7318E+01   -.2267E+01
0.1563E+06   0.7845E+01   -.2292E+01
0.1563E+06   0.8315E+01   -.2333E+01
0.1563E+06   0.8733E+01   -.2377E+01
0.1563E+06   0.9107E+01   -.2482E+01
0.1563E+06   0.9439E+01   -.2506E+01
0.1563E+06   0.9736E+01   -.3007E+01
0.1459E+06   0.1000E+02   -.2715E+01
0.1458E+06   0.1033E+02   -.3981E+01
0.1458E+06   0.1067E+02   -.3673E+01
0.1458E+06   0.1100E+02   -.4065E+01
0.1458E+06   0.1133E+02   -.4102E+01
0.1458E+06   0.1167E+02   -.4211E+01
0.1458E+06   0.1200E+02   -.4252E+01
0.1458E+06   0.1233E+02   -.4296E+01
0.1458E+06   0.1267E+02   -.4323E+01
0.1458E+06   0.1300E+02   -.4345E+01
0.1458E+06   0.1333E+02   -.4362E+01
0.1458E+06   0.1367E+02   -.4376E+01
0.1458E+06   0.1400E+02   -.4387E+01
0.1458E+06   0.1433E+02   -.4396E+01
0.1458E+06   0.1467E+02   -.4404E+01
0.1458E+06   0.1500E+02   -.4410E+01
0.1458E+06   0.1533E+02   -.4416E+01
0.1458E+06   0.1567E+02   -.4420E+01
0.1458E+06   0.1600E+02   -.4424E+01
0.1458E+06   0.1633E+02   -.4428E+01
0.1458E+06   0.1667E+02   -.4431E+01
0.1458E+06   0.1700E+02   -.4434E+01
0.1458E+06   0.1733E+02   -.4437E+01
0.1458E+06   0.1767E+02   -.4439E+01
0.1458E+06   0.1800E+02   -.4441E+01
0.1459E+06   0.1833E+02   -.4443E+01
0.1459E+06   0.1867E+02   -.4444E+01
0.1459E+06   0.1900E+02   -.4446E+01
0.1459E+06   0.1933E+02   -.4447E+01
0.1459E+06   0.1967E+02   -.4449E+01
0.1459E+06   0.2000E+02   -.4450E+01
0.1459E+06   0.2033E+02   -.4451E+01
0.1459E+06   0.2067E+02   -.4452E+01
0.1459E+06   0.2100E+02   -.4453E+01
0.1459E+06   0.2133E+02   -.4454E+01
0.1459E+06   0.2167E+02   -.4454E+01
0.1459E+06   0.2200E+02   -.4455E+01
0.1459E+06   0.2233E+02   -.4456E+01
0.1459E+06   0.2267E+02   -.4456E+01
0.1459E+06   0.2300E+02   -.4457E+01
0.1459E+06   0.2333E+02   -.4458E+01
0.1459E+06   0.2367E+02   -.4459E+01
0.1459E+06   0.2400E+02   -.4459E+01
0.1459E+06   0.2433E+02   -.4461E+01
0.1189E+06   0.2467E+02   -.4541E+01
0.1189E+06   0.2483E+02   -.4521E+01
0.1189E+06   0.2500E+02   -.4523E+01
0.1191E+06   0.2517E+02   -.4527E+01
0.1190E+06   0.2533E+02   -.4523E+01
0.1191E+06   0.2550E+02   -.4523E+01
0.1191E+06   0.2567E+02   -.4524E+01
0.1192E+06   0.2583E+02   -.4525E+01
0.1183E+06   0.2600E+02   -.4523E+01
0.1349E+06   0.2610E+02   -.4513E+01
0.1349E+06   0.2622E+02   -.4527E+01
0.1349E+06   0.2633E+02   -.4523E+01
0.1349E+06   0.2650E+02   -.4524E+01
0.6971E+05   0.2667E+02   -.4524E+01
0.6976E+05   0.2683E+02   -.4524E+01
0.6975E+05   0.2700E+02   -.4524E+01
0.6975E+05   0.2712E+02   -.4528E+01
0.6975E+05   0.2723E+02   -.4514E+01
0.7025E+05   0.2733E+02   -.4525E+01
0.7810E+05   0.2750E+02   -.4527E+01
0.7806E+05   0.2767E+02   -.4526E+01
0.7848E+05   0.2783E+02   -.4525E+01
0.7842E+05   0.2800E+02   -.4525E+01
0.7945E+05   0.2817E+02   -.4530E+01
0.7878E+05   0.2833E+02   -.4526E+01
0.7884E+05   0.2850E+02   -.4524E+01
0.3005E+04   0.2867E+02   -.4545E+01
0.4385E+04   0.2900E+02   -.4465E+01
0.4384E+04   0.2933E+02   -.4464E+01
0.4383E+04   0.2967E+02   -.4464E+01
0.4382E+04   0.3000E+02   -.4464E+01
0.4381E+04   0.3033E+02   -.4464E+01
0.4380E+04   0.3067E+02   -.4464E+01
0.4379E+04   0.3100E+02   -.4465E+01
0.4378E+04   0.3133E+02   -.4465E+01
0.4377E+04   0.3167E+02   -.4465E+01
0.4376E+04   0.3200E+02   -.4465E+01
0.4375E+04   0.3233E+02   -.4465E+01
0.4374E+04   0.3267E+02   -.4465E+01
0.4373E+04   0.3300E+02   -.4465E+01
0.4372E+04   0.3333E+02   -.4465E+01
0.4371E+04   0.3367E+02   -.4465E+01
0.4370E+04   0.3400E+02   -.4465E+01
0.4369E+04   0.3433E+02   -.4465E+01
0.4368E+04   0.3467E+02   -.4466E+01
0.4367E+04   0.3500E+02   -.4466E+01
0.4366E+04   0.3533E+02   -.4466E+01
0.4365E+04   0.3567E+02   -.4466E+01
0.4364E+04   0.3600E+02   -.4466E+01
0.4363E+04   0.3633E+02   -.4466E+01
0.4362E+04   0.3667E+02   -.4466E+01
0.4361E+04   0.3700E+02   -.4466E+01
0.4360E+04   0.3733E+02   -.4466E+01
0.4359E+04   0.3767E+02   -.4466E+01
0.4358E+04   0.3800E+02   -.4466E+01
0.4357E+04   0.3833E+02   -.4466E+01
0.4356E+04   0.3867E+02   -.4466E+01
0.4355E+04   0.3900E+02   -.4466E+01
0.4354E+04   0.3933E+02   -.4466E+01
0.4353E+04   0.3967E+02   -.4466E+01
0.4352E+04   0.4000E+02   -.4466E+01
0.4351E+04   0.4033E+02   -.4466E+01
0.4350E+04   0.4067E+02   -.4466E+01
0.4349E+04   0.4100E+02   -.4466E+01
0.4348E+04   0.4133E+02   -.4466E+01
0.4347E+04   0.4167E+02   -.4466E+01
0.4346E+04   0.4200E+02   -.4466E+01
0.4345E+04   0.4233E+02   -.4466E+01
0.4344E+04   0.4267E+02   -.4466E+01
0.4343E+04   0.4300E+02   -.4466E+01
0.3697E+04   0.4333E+02   -.4466E+01
