0.8140E+03   0.2204E-15   0.0000E+00
0.1165E+04   0.4500E+00   0.0000E+00
0.1164E+04   0.9000E+00   0.0000E+00
0.1163E+04   0.1350E+01   0.0000E+00
0.1162E+04   0.1800E+01   0.0000E+00
0.1161E+04   0.2250E+01   0.0000E+00
0.1160E+04   0.2700E+01   0.0000E+00
0.1159E+04   0.3150E+01   0.0000E+00
0.1166E+04   0.3600E+01   0.0000E+00
0.2269E+04   0.3800E+01   0.0000E+00
0.2270E+04   0.4000E+01   -.4277E+01
0.1835E+05   0.4283E+01   -.4053E+01
0.1835E+05   0.4622E+01   -.3795E+01
0.1835E+05   0.5026E+01   -.3551E+01
0.1836E+05   0.5508E+01   -.3325E+01
0.1836E+05   0.6084E+01   -.3122E+01
0.1836E+05   0.6771E+01   -.2944E+01
0.1836E+05   0.7591E+01   -.2791E+01
0.1836E+05   0.8571E+01   -.2662E+01
0.1836E+05   0.9740E+01   -.2556E+01
0.1836E+05   0.1114E+02   -.2471E+01
0.1836E+05   0.1280E+02   -.2404E+01
0.1836E+05   0.1479E+02   -.2352E+01
0.1836E+05   0.1717E+02   -.2313E+01
0.1474E+05   0.2000E+02   -.2285E+01
0.1474E+05   0.2175E+02   -.2272E+01
0.1474E+05   0.2381E+02   -.2262E+01
0.1474E+05   0.2624E+02   -.2252E+01
0.1474E+05   0.2909E+02   -.2245E+01
0.1474E+05   0.3245E+02   -.2238E+01
0.1474E+05   0.3641E+02   -.2233E+01
0.1474E+05   0.4106E+02   -.2229E+01
0.1475E+05   0.4654E+02   -.2227E+01
0.1475E+05   0.5298E+02   -.2225E+01
0.1475E+05   0.6057E+02   -.2224E+01
0.1475E+05   0.6949E+02   -.2225E+01
0.1475E+05   0.8000E+02   -.2227E+01
