0.2325E+05   -.8000E+02   -.2199E+01
0.2378E+05   -.6949E+02   -.2199E+01
0.2378E+05   -.6057E+02   -.2196E+01
0.2378E+05   -.5298E+02   -.2193E+01
0.2378E+05   -.4654E+02   -.2189E+01
0.2378E+05   -.4106E+02   -.2184E+01
0.2378E+05   -.3641E+02   -.2177E+01
0.2378E+05   -.3245E+02   -.2170E+01
0.2377E+05   -.2909E+02   -.2161E+01
0.2377E+05   -.2624E+02   -.2152E+01
0.2377E+05   -.2381E+02   -.2140E+01
0.2377E+05   -.2175E+02   -.2128E+01
0.1779E+05   -.2000E+02   -.2112E+01
0.1775E+05   -.1717E+02   -.2083E+01
0.1775E+05   -.1479E+02   -.2042E+01
0.1775E+05   -.1280E+02   -.1989E+01
0.1774E+05   -.1114E+02   -.1921E+01
0.1774E+05   -.9740E+01   -.1835E+01
0.1774E+05   -.8571E+01   -.1729E+01
0.1774E+05   -.7591E+01   -.1599E+01
0.1774E+05   -.6771E+01   -.1444E+01
0.1774E+05   -.6084E+01   -.1263E+01
0.1774E+05   -.5508E+01   -.1055E+01
0.1774E+05   -.5026E+01   -.8220E+00
0.1774E+05   -.4622E+01   -.5670E+00
0.1774E+05   -.4283E+01   -.2941E+00
0.4590E+03   -.4000E+01   -.1038E+00
0.4580E+03   -.3800E+01   0.0000E+00
0.4620E+03   -.3600E+01   0.0000E+00
0.8130E+03   -.3150E+01   0.0000E+00
0.8120E+03   -.2700E+01   0.0000E+00
0.8110E+03   -.2250E+01   0.0000E+00
0.8100E+03   -.1800E+01   0.0000E+00
0.8090E+03   -.1350E+01   0.0000E+00
0.8080E+03   -.9000E+00   0.0000E+00
0.8070E+03   -.4500E+00   0.0000E+00
0.8140E+03   -.6217E-14   0.0000E+00
0.1511E+04   0.4500E+00   0.0000E+00
0.1512E+04   0.9000E+00   0.0000E+00
0.1513E+04   0.1350E+01   0.0000E+00
0.1514E+04   0.1800E+01   0.0000E+00
0.1515E+04   0.2250E+01   0.0000E+00
0.1516E+04   0.2700E+01   0.0000E+00
0.1517E+04   0.3150E+01   0.0000E+00
0.1561E+04   0.3600E+01   0.0000E+00
0.3681E+04   0.3800E+01   0.0000E+00
0.3697E+04   0.4000E+01   -.1033E+00
0.1927E+05   0.4283E+01   -.2951E+00
0.1927E+05   0.4622E+01   -.5679E+00
0.1927E+05   0.5026E+01   -.8216E+00
0.1927E+05   0.5508E+01   -.1052E+01
0.1927E+05   0.6084E+01   -.1257E+01
0.1927E+05   0.6771E+01   -.1435E+01
0.1927E+05   0.7591E+01   -.1587E+01
0.1928E+05   0.8571E+01   -.1712E+01
0.1928E+05   0.9740E+01   -.1814E+01
0.1928E+05   0.1114E+02   -.1894E+01
0.1928E+05   0.1280E+02   -.1956E+01
0.1928E+05   0.1479E+02   -.2000E+01
0.1928E+05   0.1717E+02   -.2027E+01
0.1932E+05   0.2000E+02   -.2037E+01
