0.8140E+03   0.2204E-15   0.0000E+00
0.1165E+04   0.4500E+00   0.0000E+00
0.1164E+04   0.9000E+00   0.0000E+00
0.1163E+04   0.1350E+01   0.0000E+00
0.1162E+04   0.1800E+01   0.0000E+00
0.1161E+04   0.2250E+01   0.0000E+00
0.1160E+04   0.2700E+01   0.0000E+00
0.1159E+04   0.3150E+01   0.0000E+00
0.1166E+04   0.3600E+01   0.0000E+00
0.2269E+04   0.3800E+01   0.0000E+00
0.2270E+04   0.4000E+01   -.1038E+00
0.1835E+05   0.4283E+01   -.2863E+00
0.1835E+05   0.4622E+01   -.5543E+00
0.1835E+05   0.5026E+01   -.8078E+00
0.1836E+05   0.5508E+01   -.1042E+01
0.1836E+05   0.6084E+01   -.1253E+01
0.1836E+05   0.6771E+01   -.1439E+01
0.1836E+05   0.7591E+01   -.1599E+01
0.1836E+05   0.8571E+01   -.1733E+01
0.1836E+05   0.9740E+01   -.1844E+01
0.1836E+05   0.1114E+02   -.1933E+01
0.1836E+05   0.1280E+02   -.2003E+01
0.1836E+05   0.1479E+02   -.2058E+01
0.1836E+05   0.1717E+02   -.2099E+01
0.1474E+05   0.2000E+02   -.2127E+01
0.1474E+05   0.2175E+02   -.2142E+01
0.1474E+05   0.2381E+02   -.2153E+01
0.1474E+05   0.2624E+02   -.2163E+01
0.1474E+05   0.2909E+02   -.2171E+01
0.1474E+05   0.3245E+02   -.2178E+01
0.1474E+05   0.3641E+02   -.2184E+01
0.1474E+05   0.4106E+02   -.2188E+01
0.1475E+05   0.4654E+02   -.2192E+01
0.1475E+05   0.5298E+02   -.2195E+01
0.1475E+05   0.6057E+02   -.2197E+01
0.1475E+05   0.6949E+02   -.2199E+01
0.1475E+05   0.8000E+02   -.2199E+01
