0.1021E+03   0.8752E-03   0.1027E-01
0.2021E+03   0.2319E-03   0.1050E-01
0.3021E+03   0.9306E-04   0.1059E-01
0.4021E+03   0.5624E-04   0.1065E-01
0.5021E+03   0.4222E-04   0.1069E-01
0.6021E+03   0.3516E-04   0.1072E-01
0.7021E+03   0.3080E-04   0.1076E-01
0.8021E+03   0.2755E-04   0.1078E-01
0.9021E+03   0.2494E-04   0.1081E-01
0.1002E+04   0.2266E-04   0.1083E-01
0.1102E+04   0.2064E-04   0.1085E-01
0.1202E+04   0.1882E-04   0.1087E-01
0.1302E+04   0.1717E-04   0.1089E-01
0.1402E+04   0.1567E-04   0.1090E-01
0.1502E+04   0.1432E-04   0.1092E-01
0.1602E+04   0.1311E-04   0.1093E-01
0.1702E+04   0.1202E-04   0.1094E-01
0.1802E+04   0.1104E-04   0.1095E-01
0.1902E+04   0.1017E-04   0.1096E-01
0.2002E+04   0.9376E-05   0.1097E-01
0.2102E+04   0.8661E-05   0.1098E-01
0.2202E+04   0.8015E-05   0.1099E-01
0.2302E+04   0.7428E-05   0.1100E-01
0.2402E+04   0.6897E-05   0.1100E-01
0.2502E+04   0.6415E-05   0.1101E-01
0.2602E+04   0.5976E-05   0.1102E-01
0.2702E+04   0.5577E-05   0.1102E-01
0.2802E+04   0.5213E-05   0.1103E-01
0.2902E+04   0.4880E-05   0.1103E-01
0.3002E+04   0.4575E-05   0.1104E-01
0.0000E+00   0.0000E+00   0.0000E+00
0.0000E+00   0.0000E+00   0.0000E+00
0.0000E+00   0.0000E+00   0.0000E+00
0.0000E+00   0.0000E+00   0.0000E+00
0.0000E+00   0.0000E+00   0.0000E+00
0.0000E+00   0.0000E+00   0.0000E+00
0.0000E+00   0.0000E+00   0.0000E+00
0.0000E+00   0.0000E+00   0.0000E+00
0.0000E+00   0.0000E+00   0.0000E+00
0.0000E+00   0.0000E+00   0.0000E+00
0.0000E+00   0.0000E+00   0.0000E+00
0.0000E+00   0.0000E+00   0.0000E+00
0.0000E+00   0.0000E+00   0.0000E+00
0.0000E+00   0.0000E+00   0.0000E+00
0.0000E+00   0.0000E+00   0.0000E+00
0.0000E+00   0.0000E+00   0.0000E+00
0.0000E+00   0.0000E+00   0.0000E+00
0.0000E+00   0.0000E+00   0.0000E+00
0.0000E+00   0.0000E+00   0.0000E+00
0.0000E+00   0.0000E+00   0.0000E+00
0.0000E+00   0.0000E+00   0.0000E+00
0.0000E+00   0.0000E+00   0.0000E+00
0.0000E+00   0.0000E+00   0.0000E+00
0.0000E+00   0.0000E+00   0.0000E+00
0.0000E+00   0.0000E+00   0.0000E+00
0.0000E+00   0.0000E+00   0.0000E+00
0.0000E+00   0.0000E+00   0.0000E+00
0.0000E+00   0.0000E+00   0.0000E+00
0.0000E+00   0.0000E+00   0.0000E+00
0.0000E+00   0.0000E+00   0.0000E+00
0.0000E+00   0.0000E+00   0.0000E+00
0.0000E+00   0.0000E+00   0.0000E+00
0.0000E+00   0.0000E+00   0.0000E+00
0.0000E+00   0.0000E+00   0.0000E+00
0.0000E+00   0.0000E+00   0.0000E+00
0.0000E+00   0.0000E+00   0.0000E+00
0.0000E+00   0.0000E+00   0.0000E+00
0.0000E+00   0.0000E+00   0.0000E+00
0.0000E+00   0.0000E+00   0.0000E+00
0.0000E+00   0.0000E+00   0.0000E+00
0.0000E+00   0.0000E+00   0.0000E+00
0.0000E+00   0.0000E+00   0.0000E+00
0.0000E+00   0.0000E+00   0.0000E+00
0.0000E+00   0.0000E+00   0.0000E+00
0.0000E+00   0.0000E+00   0.0000E+00
0.0000E+00   0.0000E+00   0.0000E+00
0.0000E+00   0.0000E+00   0.0000E+00
0.0000E+00   0.0000E+00   0.0000E+00
0.0000E+00   0.0000E+00   0.0000E+00
0.0000E+00   0.0000E+00   0.0000E+00
0.0000E+00   0.0000E+00   0.0000E+00
0.0000E+00   0.0000E+00   0.0000E+00
0.0000E+00   0.0000E+00   0.0000E+00
0.0000E+00   0.0000E+00   0.0000E+00
0.0000E+00   0.0000E+00   0.0000E+00
0.0000E+00   0.0000E+00   0.0000E+00
0.0000E+00   0.0000E+00   0.0000E+00
0.0000E+00   0.0000E+00   0.0000E+00
0.0000E+00   0.0000E+00   0.0000E+00
0.0000E+00   0.0000E+00   0.0000E+00
0.0000E+00   0.0000E+00   0.0000E+00
0.0000E+00   0.0000E+00   0.0000E+00
0.0000E+00   0.0000E+00   0.0000E+00
0.0000E+00   0.0000E+00   0.0000E+00
0.0000E+00   0.0000E+00   0.0000E+00
0.0000E+00   0.0000E+00   0.0000E+00
0.0000E+00   0.0000E+00   0.0000E+00
0.0000E+00   0.0000E+00   0.0000E+00
0.0000E+00   0.0000E+00   0.0000E+00
0.0000E+00   0.0000E+00   0.0000E+00
0.0000E+00   0.0000E+00   0.0000E+00
0.0000E+00   0.0000E+00   0.0000E+00
0.0000E+00   0.0000E+00   0.0000E+00
0.0000E+00   0.0000E+00   0.0000E+00
0.0000E+00   0.0000E+00   0.0000E+00
0.0000E+00   0.0000E+00   0.0000E+00
0.0000E+00   0.0000E+00   0.0000E+00
0.0000E+00   0.0000E+00   0.0000E+00
