0.1027E+03   0.2958E-02   0.1371E-01
0.2027E+03   0.1138E-02   0.1485E-01
0.3027E+03   0.4911E-03   0.1534E-01
0.4027E+03   0.2335E-03   0.1557E-01
0.5027E+03   0.1245E-03   0.1570E-01
0.6027E+03   0.7608E-04   0.1577E-01
0.7027E+03   0.5341E-04   0.1583E-01
0.8027E+03   0.4183E-04   0.1587E-01
0.9027E+03   0.3513E-04   0.1590E-01
0.1003E+04   0.3065E-04   0.1593E-01
0.1103E+04   0.2724E-04   0.1596E-01
0.1203E+04   0.2441E-04   0.1599E-01
0.1303E+04   0.2197E-04   0.1601E-01
0.1403E+04   0.1981E-04   0.1603E-01
0.1503E+04   0.1788E-04   0.1605E-01
0.1603E+04   0.1614E-04   0.1606E-01
0.1703E+04   0.1458E-04   0.1608E-01
0.1803E+04   0.1317E-04   0.1609E-01
0.1903E+04   0.1190E-04   0.1610E-01
0.2003E+04   0.1076E-04   0.1611E-01
0.2103E+04   0.9731E-05   0.1612E-01
0.2203E+04   0.8803E-05   0.1613E-01
0.2303E+04   0.7966E-05   0.1614E-01
0.2403E+04   0.7212E-05   0.1615E-01
0.2503E+04   0.6530E-05   0.1615E-01
0.2603E+04   0.5915E-05   0.1616E-01
0.2703E+04   0.5360E-05   0.1616E-01
0.2803E+04   0.4859E-05   0.1617E-01
0.2903E+04   0.4406E-05   0.1617E-01
0.3003E+04   0.3997E-05   0.1618E-01
0.0000E+00   0.0000E+00   0.0000E+00
0.0000E+00   0.0000E+00   0.0000E+00
0.0000E+00   0.0000E+00   0.0000E+00
0.0000E+00   0.0000E+00   0.0000E+00
0.0000E+00   0.0000E+00   0.0000E+00
0.0000E+00   0.0000E+00   0.0000E+00
0.0000E+00   0.0000E+00   0.0000E+00
0.0000E+00   0.0000E+00   0.0000E+00
0.0000E+00   0.0000E+00   0.0000E+00
0.0000E+00   0.0000E+00   0.0000E+00
0.0000E+00   0.0000E+00   0.0000E+00
0.0000E+00   0.0000E+00   0.0000E+00
0.0000E+00   0.0000E+00   0.0000E+00
0.0000E+00   0.0000E+00   0.0000E+00
0.0000E+00   0.0000E+00   0.0000E+00
0.0000E+00   0.0000E+00   0.0000E+00
0.0000E+00   0.0000E+00   0.0000E+00
0.0000E+00   0.0000E+00   0.0000E+00
0.0000E+00   0.0000E+00   0.0000E+00
0.0000E+00   0.0000E+00   0.0000E+00
0.0000E+00   0.0000E+00   0.0000E+00
0.0000E+00   0.0000E+00   0.0000E+00
0.0000E+00   0.0000E+00   0.0000E+00
0.0000E+00   0.0000E+00   0.0000E+00
0.0000E+00   0.0000E+00   0.0000E+00
0.0000E+00   0.0000E+00   0.0000E+00
0.0000E+00   0.0000E+00   0.0000E+00
0.0000E+00   0.0000E+00   0.0000E+00
0.0000E+00   0.0000E+00   0.0000E+00
0.0000E+00   0.0000E+00   0.0000E+00
0.0000E+00   0.0000E+00   0.0000E+00
0.0000E+00   0.0000E+00   0.0000E+00
0.0000E+00   0.0000E+00   0.0000E+00
0.0000E+00   0.0000E+00   0.0000E+00
0.0000E+00   0.0000E+00   0.0000E+00
0.0000E+00   0.0000E+00   0.0000E+00
0.0000E+00   0.0000E+00   0.0000E+00
0.0000E+00   0.0000E+00   0.0000E+00
0.0000E+00   0.0000E+00   0.0000E+00
0.0000E+00   0.0000E+00   0.0000E+00
0.0000E+00   0.0000E+00   0.0000E+00
0.0000E+00   0.0000E+00   0.0000E+00
0.0000E+00   0.0000E+00   0.0000E+00
0.0000E+00   0.0000E+00   0.0000E+00
0.0000E+00   0.0000E+00   0.0000E+00
0.0000E+00   0.0000E+00   0.0000E+00
0.0000E+00   0.0000E+00   0.0000E+00
0.0000E+00   0.0000E+00   0.0000E+00
0.0000E+00   0.0000E+00   0.0000E+00
0.0000E+00   0.0000E+00   0.0000E+00
0.0000E+00   0.0000E+00   0.0000E+00
0.0000E+00   0.0000E+00   0.0000E+00
0.0000E+00   0.0000E+00   0.0000E+00
0.0000E+00   0.0000E+00   0.0000E+00
0.0000E+00   0.0000E+00   0.0000E+00
0.0000E+00   0.0000E+00   0.0000E+00
0.0000E+00   0.0000E+00   0.0000E+00
0.0000E+00   0.0000E+00   0.0000E+00
0.0000E+00   0.0000E+00   0.0000E+00
0.0000E+00   0.0000E+00   0.0000E+00
0.0000E+00   0.0000E+00   0.0000E+00
0.0000E+00   0.0000E+00   0.0000E+00
0.0000E+00   0.0000E+00   0.0000E+00
0.0000E+00   0.0000E+00   0.0000E+00
0.0000E+00   0.0000E+00   0.0000E+00
0.0000E+00   0.0000E+00   0.0000E+00
0.0000E+00   0.0000E+00   0.0000E+00
0.0000E+00   0.0000E+00   0.0000E+00
0.0000E+00   0.0000E+00   0.0000E+00
0.0000E+00   0.0000E+00   0.0000E+00
0.0000E+00   0.0000E+00   0.0000E+00
0.0000E+00   0.0000E+00   0.0000E+00
0.0000E+00   0.0000E+00   0.0000E+00
0.0000E+00   0.0000E+00   0.0000E+00
0.0000E+00   0.0000E+00   0.0000E+00
0.0000E+00   0.0000E+00   0.0000E+00
0.0000E+00   0.0000E+00   0.0000E+00
0.0000E+00   0.0000E+00   0.0000E+00
0.0000E+00   0.0000E+00   0.0000E+00
0.0000E+00   0.0000E+00   0.0000E+00
0.0000E+00   0.0000E+00   0.0000E+00
0.0000E+00   0.0000E+00   0.0000E+00
0.0000E+00   0.0000E+00   0.0000E+00
0.0000E+00   0.0000E+00   0.0000E+00
0.0000E+00   0.0000E+00   0.0000E+00
0.0000E+00   0.0000E+00   0.0000E+00
0.0000E+00   0.0000E+00   0.0000E+00
0.0000E+00   0.0000E+00   0.0000E+00
0.0000E+00   0.0000E+00   0.0000E+00
0.0000E+00   0.0000E+00   0.0000E+00
0.0000E+00   0.0000E+00   0.0000E+00
0.0000E+00   0.0000E+00   0.0000E+00
0.0000E+00   0.0000E+00   0.0000E+00
0.0000E+00   0.0000E+00   0.0000E+00
0.0000E+00   0.0000E+00   0.0000E+00
0.0000E+00   0.0000E+00   0.0000E+00
0.0000E+00   0.0000E+00   0.0000E+00
0.0000E+00   0.0000E+00   0.0000E+00
